3500
139 0
92.9998 0.16702
359.998 1.29306
50.9993 0.274774
168.996 1.21403
89.9964 0.808152
220.987 2.38134
261.979 3.29363
54.9943 0.790177
275.964 4.46087
353.943 6.35721
355.931 7.03236
305.929 6.5941
179.951 4.20207
96.9693 2.4386
8.99673 0.24242
76.9682 2.21227
140.934 4.30415
395.793 12.7991
165.903 5.66323
323.791 11.635
233.834 8.82305
276.784 10.9415
310.735 12.8426
359.666 15.5119
283.714 12.7467
231.747 10.829
312.632 15.1714
295.626 14.8783
352.521 18.3765
31.9536 1.72325
367.43 20.4773
370.388 21.3094
140.752 8.35152
136.745 8.36019
123.755 7.78915
136.714 8.8513
297.342 19.7872
55.8696 3.81875
20.9485 1.46965
65.8298 4.73715
217.409 16.0374
84.7583 6.40535
278.168 21.5242
114.641 9.07789
193.367 15.6613
238.185 19.7219
74.733 6.3231
8.96658 0.774876
17.9303 1.58196
40.8348 3.67669
187.212 17.1952
63.7211 5.96813
287.692 27.4666
147.305 14.3305
49.7563 4.93075
196.005 19.7792
27.8534 2.86128
23.8699 2.4954
246.609 26.2287
39.768 4.30187
265.399 29.1916
352.802 39.4465
305.037 34.6608
161.924 18.6938
148.979 17.4705
312.79 37.2498
68.5011 8.28251
374.192 45.9258
180.604 22.4955
206.359 26.0797
43.6428 5.59526
47.5993 6.18941
206.215 27.1912
19.8236 2.65014
358.721 48.6119
326.931 44.9019
311.002 43.2835
246.561 34.7664
360.343 51.4703
256.331 37.0835
159.3 23.3381
60.3397 8.95075
63.2903 9.50463
154.228 23.4446
257.965 39.6879
243.072 37.8436
171.88 27.0761
106.654 16.9974
13.8215 2.2282
88.8269 14.4837
0.986675 0.162702
271.255 45.2303
377.67 63.6718
326.295 55.6132
43.3612 7.47057
76.8436 13.3813
97.5016 17.1591
193.957 34.4933
281.491 50.5821
252.867 45.9074
151.474 27.7808
16.7156 3.09674
113.038 21.1515
244.669 46.2372
33.3973 6.3735
131.579 25.3554
187.484 36.4777
240.406 47.2226
86.3193 17.1166
111.783 22.3746
109.782 22.1793
162.653 33.165
253.685 52.2011
138.055 28.6663
362.137 75.8742
16.6324 3.51599
232.765 49.642
88.9643 19.1406
166.132 36.0555
9.76867 2.13846
173.814 38.3768
24.4023 5.43383
63.4206 14.2419
213.592 48.3679
278.824 63.6662
351.797 80.9938
340.936 79.1382
49.6584 11.6208
52.5573 12.3988
207.221 49.2784
119.612 28.6714
351.876 85.0146
279.823 68.1386
241.824 59.3459
370.828 91.7108
206.678 51.5084
367.586 92.3115
121.181 30.6634
181.204 46.198
130.755 33.5864
344.647 89.1876
296.103 77.1931
90.9171 23.8762
234.919 62.1446
61.8422 16.4784
326.448 87.613
298.294 80.6317
25.087 6.82961
255.569 70.0686
173.508 47.9054
179.203 49.8242
191.631 53.6508
340.72 96.0511
335.737 95.2976
94.2275 26.929
354.613 102.033
171.932 49.8046
248.643 72.5103
151.602 44.5064
291.536 86.1563
181.154 53.8897
115.915 34.709
72.7668 21.9314
352.153 106.827
277.361 84.6826
274.34 84.2994
51.5895 15.9539
37.2383 11.5891
40.0803 12.5526
238.439 75.1463
51.4735 16.3241
37.1541 11.8563
150.435 48.3037
147.494 47.6515
349.974 113.763
198.646 64.9665
222.277 73.137
232.588 76.9929
339.66 113.114
128.956 43.2024
64.4389 21.7169
237.711 80.5881
72.8788 24.8532
163.64 56.1329
299.664 103.395
89.7489 31.147
274.743 95.9017
55.6689 19.544
68.835 24.3052
306.262 108.758
248.62 88.7919
271.989 97.6889
11.2863 4.07656
252.838 91.8371
92.0517 33.6228
131.416 48.2686
349.898 129.23
134.054 49.7848
208.909 78.0117
73.0224 27.4178
346.154 130.681
198.202 75.2325
367.171 140.124
186.727 71.6452
97.031 37.4298
137.054 53.1519
281.371 109.702
156.414 61.3072
159.095 62.6878
10.2269 4.05092
322.383 128.367
149.471 59.828
346.968 139.603
314.27 127.103
110.239 44.8153
269.378 110.074
259.93 106.759
301.333 124.397
136.7 56.7201
207.665 86.603
109.749 46.0006
211.961 89.2894
325.067 137.624
149.987 63.8182
101.141 43.2492
158.026 67.9099
18.3609 7.92949
47.7013 20.7024
113.66 49.5714
360.863 158.157
335.869 147.923
38.4068 16.9975
54.8232 24.3806
223.682 99.9561
94.8745 42.6008
79.302 35.7797
2.73233 1.23869
23.6609 10.7778
281.88 129.011
139.007 63.9231
182.465 84.3052
286.623 133.055
324.447 151.322
298.82 140.024
134.808 63.465
350.746 165.895
67.7412 32.189
209.367 99.9474
197.465 94.7017
298.195 143.669
15.3019 7.40628
321.959 156.546
226.432 110.601
281.893 138.319
278.057 137.057
112.02 55.4661
154.898 77.0434
308.624 154.196
97.4196 48.892
185.734 93.6322
261.397 132.365
350.292 178.17
356.205 181.984
83.6312 42.9164
267.551 137.905
214.02 110.8
118.888 61.8202
194.12 101.383
221.39 116.132
284.881 150.09
61.8719 32.7394
28.2574 15.0174
239.076 127.608
256.473 137.486
110.063 59.2555
174.17 94.1736
163.456 88.7598
154.516 84.2654
136.823 74.9356
232.195 127.712
92.7863 51.2514
225.614 125.149
287.414 160.106
138.763 77.6258
197.037 110.69
212.516 119.888
345.422 195.684
35.637 20.2733
156.295 89.2854
34.6965 19.9035
342.275 197.162
215.539 124.674
46.6949 27.1217
18.1401 10.5799
190.703 111.684
154.298 90.7362
314.298 185.585
122.145 72.4199
311.051 185.179
42.0585 25.1412
245.221 147.183
136.182 82.0702
163.412 98.8812
122.212 74.251
167.324 102.071
90.3925 55.3643
121.81 74.9084
170.176 105.073
104.542 64.8076
262.336 163.281
170.455 106.518
108.426 68.0272
61.7672 38.9078
149.595 94.6068
228.78 145.261
58.1837 37.0899
46.3251 29.6476
202.755 130.275
239.495 154.49
311.402 201.667
313.555 203.862
157.431 102.759
251.762 164.976
247.288 162.68
332.943 219.886
299.21 198.38
144.015 95.857
30.7641 20.5565
313.915 210.574
110.318 74.289
34.7952 23.5222
324.36 220.123
85.1234 57.9915
253.406 173.304
9.06854 6.22588
126.803 87.3902
117.6 81.3594
277.617 192.803
147.659 102.941
172.872 120.981
244.662 171.877
2.4517 1.72892
17.1401 12.1333
229.874 163.346
5.69881 4.06492
300.836 215.401
48.7215 35.0174
163.817 118.186
171.704 124.346
206.261 149.937
289.196 211.02
214.596 157.177
56.3982 41.4637
188.282 138.946
260.352 192.854
72.2237 53.7004
315.757 235.656
194.482 145.691
32.7696 24.6404
77.4233 58.4348
160.216 121.375
204.574 155.558
217.014 165.632
255.613 195.821
16.6475 12.8008
121.913 94.0919
249.811 193.521
312.619 243.075
264.093 206.106
192.084 150.464
25.1559 19.7783
32.1855 25.3987
115.233 91.2708
217.613 172.999
83.6379 66.7361
123.326 98.7665
291.502 234.313
311.316 251.162
87.8193 71.111
178.487 145.06
103.836 84.6998
37.9142 31.0405
173.84 142.845
54.7751 45.174
258.833 214.246
10.7687 8.94629
167.433 139.607
223.932 187.4
117.158 98.4028
217.905 183.691
280.939 237.692
140.256 119.098
123.297 105.08
221.139 189.152
182.861 156.98
245.459 211.485
157.335 136.051
296.809 257.591
238.284 207.55
78.2997 68.4483
10.5238 9.2331
14.2597 12.5563
0.749324 0.662203
182.545 161.906
34.3593 30.585
291.587 260.496
204.751 183.581
257.198 231.441
210.027 189.678
113.364 102.75
181.974 165.533
91.5769 83.6042
288.289 264.141
117.776 108.3
94.7996 87.4874
159.938 148.134
149.418 138.89
144.781 135.065
159.138 148.994
84.5363 79.4331
259.001 244.243
55.1985 52.241
81.9319 77.8214
221.49 211.136
7.22583 6.91285
167.351 160.679
83.531 80.4896
218.53 211.331
68.1718 66.1635
159.745 155.597
217.388 212.505
117.069 114.851
277.192 272.92
176.406 174.313
213.726 211.949
102.774 102.286
217.916 217.662
82.631 82.8319
59.2179 59.5755
74.5922 75.3127
220.561 223.492
28.7469 29.2338
118.977 121.427
184.425 188.901
225.923 232.239
195.577 201.769
207.024 214.348
76.2762 79.2587
263.7 274.997
153.364 160.51
128.252 134.712
45.4229 47.8827
71.4399 75.58
48.6787 51.6854
136.177 145.11
183.726 196.483
143.154 153.646
159.887 172.224
223.408 241.516
65.74 71.325
261.771 285.035
135.692 148.285
61.986 67.9834
58.5016 64.3938
86.5722 95.6361
93.7677 103.96
76.2016 84.7899
32.6878 36.5035
253.654 284.29
73.7504 82.9571
33.8168 38.1762
228.297 258.661
199.435 226.781
110.717 126.355
7.89216 9.03957
140.454 161.458
103.485 119.393
230.071 266.404
77.618 90.2023
196.569 229.27
203.951 238.747
78.4272 92.1422
89.257 105.248
213.634 252.827
208.027 247.091
106.041 126.413
19.2388 23.0188
29.4361 35.3485
41.5047 50.0236
142.722 172.646
122.703 148.973
5.70941 6.9572
25.3196 30.9664
240.639 295.388
170.155 209.636
103.754 128.297
139.913 173.647
51.959 64.7245
232.355 290.508
249.283 312.823
213.9 269.412
173.09 218.817
47.0428 59.6906
211.21 268.988
139.252 178.002
62.0892 79.6614
76.0525 97.9388
40.9978 52.9923
37.8501 49.1057
233.88 304.559
237.586 310.538
48.4968 63.6244
64.7115 85.214
161.094 212.926
58.9878 78.2588
65.4524 87.1607
116.215 155.339
164.939 221.294
179.445 241.662
43.4146 58.687
164.931 223.79
146.774 199.904
102.726 140.44
18.2569 25.0537
100.459 138.38
28.1292 38.8941
218.628 303.443
227.996 317.646
229.752 321.309
148.528 208.508
100.698 141.901
20.7813 29.3962
185.405 263.266
87.8713 125.25
5.15566 7.37694
71.9936 103.407
1.70971 2.46514
223.392 323.334
57.2618 83.1991
140.802 205.368
61.4744 90.0105
7.31252 10.7483
21.8796 32.2844
88.4055 130.952
77.0094 114.514
15.0268 22.432
215.916 323.576
140.051 210.701
210.888 318.512
0.550565 0.834792
104.871 159.634
193.837 296.215
40.4084 61.9932
7.62376 11.7422
212.331 328.324
132.135 205.125
96.6649 150.655
45.2353 70.7797
182.58 286.818
88.355 139.35
98.784 156.418
63.8938 101.576
203.345 324.561
61.4109 98.4109
161.003 259.042
140.01 226.171
81.8729 132.789
58.6092 95.4409
127.311 208.154
200.81 329.654
207.479 341.983
172.732 285.867
201.093 334.158
143.943 240.167
105.584 176.884
203.889 342.973
18.8498 31.8384
88.3762 149.885
73.9287 125.899
173.15 296.088
200.801 344.79
108.871 187.713
44.5137 77.0684
112.184 195.038
187.384 327.133
72.3402 126.818
102.735 180.858
154.108 272.433
111.41 197.78
90.9964 162.221
29.2597 52.382
73.3999 131.96
50.8748 91.8518
55.0563 99.8238
189.663 345.346
33.1063 60.539
13.8685 25.4689
141.564 261.091
66.9846 124.073
3.7879 7.04641
92.0213 171.922
112.877 211.799
31.8739 60.0671
54.1891 102.565
44.2281 84.0766
67.7394 129.334
164.144 314.773
182.931 352.342
165.308 319.802
77.3332 150.268
10.0319 19.5796
8.17913 16.0344
2.71677 5.34969
162.43 321.273
175.79 349.255
90.493 180.596
148.644 297.983
1.77908 3.58258
153.334 310.169
41.0643 83.4429
86.2281 176.013
101.692 208.525
162.893 335.552
43.0744 89.1381
8.23606 17.1221
125.671 262.465
28.8259 60.482
56.1486 118.357
135.356 286.649
102.939 219.015
13.5597 28.9851
149.006 320.01
114.372 246.785
11.3091 24.5174
42.1396 91.7892
152.522 333.805
58.3679 128.352
112.564 248.714
88.2971 196.032
15.5438 34.6755
83.9258 188.129
157.437 354.623
48.4949 109.765
121.147 275.544
34.8727 79.705
18.3627 42.1759
5.96314 13.7638
2.77126 6.42807
152.967 356.574
26.3037 61.6207
138.784 326.748
103.161 244.096
15.5053 36.8726
38.5976 92.2509
89.162 214.182
122.451 295.645
54.8641 133.139
64.1083 156.369
100.084 245.373
44.3696 109.34
145.247 359.788
63.3561 157.753
112.418 281.374
107.111 269.495
109.568 277.126
111.266 282.906
89.9908 230.023
7.6159 19.5703
70.0316 180.919
1.79656 4.66609
28.9685 75.6427
61.2248 160.734
87.1527 230.044
72.6355 192.77
53.6905 143.27
6.28625 16.8666
44.4867 120.021
98.9183 268.349
87.7665 239.42
89.7339 246.154
125.076 345.029
1.69559 4.70372
100.216 279.581
12.758 35.7943
61.4644 173.43
101.035 286.719
62.4943 178.369
101.649 291.802
102.761 296.709
35.4869 103.062
60.2398 175.975
75.0656 220.577
86.8472 256.707
109.656 326.055
20.6092 61.6462
64.0183 192.641
1.25463 3.79815
98.5764 300.231
41.2624 126.437
35.4816 109.389
67.502 209.388
72.0077 224.746
24.5759 77.1818
37.7119 119.176
38.0977 121.151
62.0398 198.532
35.883 115.557
14.7419 47.7774
17.2942 56.4084
4.37106 14.349
66.338 219.181
10.0788 33.5174
38.9295 130.309
11.381 38.3467
1.41401 4.79589
16.0215 54.702
6.14582 21.1241
78.0142 269.953
92.1523 321.036
58.9483 206.761
20.7063 73.1249
40.0669 142.473
59.4475 212.854
66.8157 240.906
46.7336 169.682
56.9808 208.349
82.8133 304.956
1.04133 3.86207
29.2217 109.156
41.612 156.564
69.6499 263.966
30.9137 118.018
92.6084 356.157
56.9806 220.765
72.7154 283.834
77.6271 305.285
47.9601 190.042
19.6792 78.5731
89.9714 361.986
38.3147 155.345
26.1495 106.847
14.8666 61.2208
71.9094 298.459
4.88221 20.4246
60.6844 255.903
0.686974 2.92029
37.9495 162.631
39.9123 172.441
57.502 250.485
5.32782 23.4012
45.1494 199.966
46.9751 209.805
65.2376 293.845
62.5599 284.196
33.9033 155.343
44.8323 207.205
35.4423 165.242
44.5037 209.321
6.80474 32.2908
58.2673 278.98
2.22957 10.7717
67.1104 327.188
18.5228 91.1367
31.9803 158.812
72.1944 361.869
36.4508 184.432
46.6864 238.473
40.1664 207.142
65.821 342.737
57.732 303.559
0.18507 0.982725
32.8116 175.967
57.5479 311.733
33.0782 181.002
42.1874 233.215
29.7843 166.355
25.4727 143.761
54.5737 311.252
67.6893 390.172
60.0528 349.884
64.2787 378.582
7.12173 42.4061
63.9016 384.729
0.648313 3.94711
22.6031 139.176
18.7069 116.508
21.7896 137.282
34.2518 218.33
44.7376 288.552
51.4882 336.079
7.33337 48.4481
33.4219 223.515
5.406 36.6029
44.7427 306.754
36.0662 250.416
0.140776 0.990041
47.1203 335.709
21.1318 152.543
25.0564 183.295
5.21276 38.6501
6.7259 50.5545
37.9892 289.518
23.6107 182.479
33.406 261.878
16.3431 129.977
40.4585 326.503
45.9316 376.206
14.8067 123.113
42.3452 357.501
3.01189 25.825
34.5595 301.023
26.7211 236.495
28.5061 256.42
39.4594 360.849
18.8176 174.991
15.6647 148.174
36.2745 349.121
15.7418 154.199
0.99773 9.9501
20.1851 205.009
21.2599 219.975
8.49696 89.598
4.16802 44.8066
12.8076 140.417
12.7335 142.432
23.0358 262.993
9.9997 116.572
29.4547 350.765
26.0405 316.932
25.5513 317.975
30.6184 389.799
17.0634 222.346
20.6246 275.228
3.20917 43.8828
24.2602 340.136
1.87253 26.935
17.4984 258.408
12.7592 193.58
5.82192 90.8136
0.870587 13.9729
17.5742 290.469
9.20013 156.73
8.63461 151.755
2.58563 46.9288
2.60779 48.9306
20.4164 396.475
9.82736 197.756
4.64042 96.8889
11.8337 256.727
12.8329 289.716
0.254743 5.99459
10.2063 250.792
9.56159 245.814
4.41176 118.918
11.5362 326.796
3.28143 97.945
0.0950672 2.99849
8.81872 294.868
6.77182 240.905
6.78632 257.911
5.22025 212.936
8.44917 371.904
4.03704 192.958
3.34631 174.968
4.86865 280.958
4.92316 316.962
4.45006 323.969
0.274596 22.9984
0.943314 92.9952
1.40235 167.994
0.668248 101.998
1.1984 251.997
0.935252 315.999
0.0360761 31
-0.216835 343
-0.949383 390.999
-0.35904 84.9992
-0.505671 83.9985
-1.00042 127.996
-1.72048 178.992
-1.95067 170.989
-4.66074 352.969
-2.47483 164.981
-1.41075 83.9882
-3.58792 192.967
-5.32071 260.946
-0.887255 39.9902
-4.31583 179.948
-4.25241 164.945
-2.81188 101.961
-1.46813 49.9784
-7.82059 250.878
-1.08744 32.9821
-5.66386 162.902
-14.215 388.74
-8.66418 225.834
-15.2901 380.693
-14.9257 355.687
-4.67807 106.898
-0.637202 13.9855
-1.27733 26.9698
-13.5522 275.667
-0.916126 17.9767
-9.11526 172.76
-5.17586 94.8589
-19.5277 346.45
-17.8271 306.482
-6.22561 103.813
-22.9354 371.292
-24.3001 382.228
-25.1822 385.178
-9.25026 137.69
-7.22638 104.751
-14.8996 210.473
-11.2229 154.593
-12.094 162.551
-0.911849 11.9653
-3.03334 38.8819
-4.37626 54.8256
-0.162717 1.99337
-21.868 262.089
-19.8755 233.154
-34.5174 396.5
-1.06219 11.9529
-30.7037 338.611
-11.9721 129.448
-35.7688 379.317
-5.35748 55.7431
-22.9024 233.881
-30.4679 305.484
-6.36495 62.6776
-31.8734 308.357
-30.0213 285.426
-32.2361 301.28
-1.40628 12.9237
-40.1355 362.787
-9.49834 84.4676
-8.85532 77.4957
-33.2104 286.079
-41.4525 351.565
-39.8251 332.624
-11.3424 93.3132
-17.1425 138.947
-12.7956 102.202
-11.2149 88.2906
-29.3922 228.114
-6.86737 52.5532
-7.48715 56.5061
-17.7068 131.816
-39.9344 293.294
-30.4825 220.907
-15.7858 112.902
-33.5197 236.638
-26.9853 188.074
-10.0664 69.2724
-27.0783 184.018
-48.7758 327.387
-2.9827 19.7763
-17.8074 116.649
-51.1497 331.072
-18.9986 121.524
-56.8693 359.53
-11.2186 70.1081
-37.8681 233.955
-14.5398 88.8178
-52.9175 319.649
-6.60389 39.4511
-59.2382 350.023
-59.8668 349.916
-65.2665 377.398
-44.9385 257.102
-21.9173 124.079
-44.2802 248.079
-1.24238 6.88887
-2.868 15.7409
-20.4549 111.133
-35.277 189.749
-73.45 391.164
-59.62 314.397
-62.0653 324.111
-8.92249 46.1453
-1.53283 7.85178
-39.8333 202.112
-64.0018 321.695
-22.6422 112.749
-15.0973 74.4854
-59.321 289.995
-47.5094 230.147
-52.2051 250.62
-55.1234 262.27
-67.6259 318.909
-80.1228 374.525
-74.4667 345.056
-41.6909 191.515
-81.0671 369.205
-76.5409 345.626
-37.4909 167.864
-83.2749 369.738
-69.1 304.252
-85.7185 374.31
-73.792 319.592
-19.9518 85.7084
-24.9036 106.117
-3.22311 13.6239
-85.5966 358.935
-7.71262 32.0861
-92.7718 382.922
-23.009 94.2315
-29.6299 120.408
-77.7443 313.504
-2.66681 10.6718
-53.231 211.401
-22.6247 89.1747
-29.2239 114.324
-13.2182 51.3252
-46.7118 180.039
-9.60932 36.7649
-3.5646 13.5386
-37.9398 143.054
-19.8726 74.3914
-31.4383 116.844
-73.2352 270.253
-23.4326 85.8599
-15.9012 57.8546
-46.9481 169.623
-23.6263 84.7691
-16.2126 57.7681
-39.7031 140.498
-102.078 358.761
-4.95709 17.304
-76.208 264.23
-90.9035 313.07
-3.92797 13.4377
-52.2242 177.476
-44.5904 150.535
-79.4348 266.41
-8.91117 29.6916
-81.8371 270.909
-10.1813 33.4864
-78.4204 256.27
-19.4258 63.0765
-20.4272 65.907
-28.2873 90.6908
-17.9685 57.2463
-56.021 177.363
-43.0118 135.329
-117.58 367.656
-100.167 311.281
-62.2221 192.178
-4.95581 15.2131
-18.6867 57.0158
-95.8244 290.609
-89.1044 268.606
-109.213 327.257
-34.6908 103.332
-56.314 166.748
-127.38 374.954
-109.945 321.733
-21.7794 63.3613
-5.55498 16.0668
-83.1005 238.963
-84.1898 240.701
-113.493 322.62
-19.3456 54.6786
-9.38663 26.3797
-123.653 345.542
-69.0782 191.948
-68.7422 189.943
-23.2557 63.8997
-19.9336 54.467
-1.03611 2.8154
-103.769 280.416
-122.756 329.902
-49.0589 131.123
-75.3498 200.296
-55.19 145.911
-98.1073 257.975
-37.4996 98.0754
-64.5869 168.013
-127.254 329.265
-29.6977 76.4333
-135.349 346.504
-84.4333 215.016
-22.7654 57.6692
-92.5822 233.301
-145.615 365.028
-128.778 321.142
-136.083 337.605
-43.1849 106.584
-19.6136 48.1592
-26.8982 65.7076
-14.0788 34.2168
-20.6371 49.901
-66.4022 159.749
-135.305 323.873
-137.048 326.395
-130.247 308.643
-86.6802 204.378
-144.294 338.531
-112.22 261.976
-20.9565 48.6808
-19.0586 44.0542
-70.5703 162.323
-12.4108 28.4072
-20.9037 47.6134
-127.146 288.199
-19.0482 42.967
-83.0119 186.346
-142.996 319.456
-83.2705 185.135
-139.613 308.916
-88.8966 195.761
-145.288 318.42
-139.191 303.615
-116.308 252.501
-139.861 302.205
-165.701 356.359
-124.438 266.366
-76.0546 162.039
-31.5618 66.9317
-106.606 225.025
-74.7778 157.112
-52.1968 109.163
-163.673 340.727
-144.292 299.004
-81.1393 167.369
-123.035 252.633
-153.812 314.391
-59.9861 122.056
-27.8892 56.4907
-92.8577 187.239
-8.02626 16.1115
-68.9165 137.719
-80.3917 159.932
-135.667 268.692
-96.7968 190.857
-165.228 324.339
-108.414 211.873
-54.3973 105.839
-18.3487 35.5433
-133.03 256.562
-118.71 227.941
-61.6452 117.851
-116.272 221.316
-118.069 223.76
-141.416 266.844
-32.8896 61.7922
-32.0576 59.9692
-72.3718 134.801
-41.2902 76.5775
-75.2365 138.937
-20.0659 36.8966
-18.2148 33.35
-5.77093 10.5212
-8.20224 14.8904
-44.5332 80.5034
-13.5976 24.4766
-93.5418 167.672
-161.781 288.77
-6.3743 11.33
-64.9301 114.926
-184.553 325.294
-159.891 280.649
-131.593 230.018
-83.687 145.673
-77.9521 135.128
-165.913 286.416
-134.248 230.795
-60.5223 103.62
-119.393 203.571
-198.921 337.779
-76.8586 129.976
-30.6326 51.5911
-180.254 302.345
-44.6856 74.6471
-39.1528 65.1388
-203.582 337.328
-156.509 258.28
-147.097 241.767
-191.843 314.039
-0.522843 0.852429
-61.8761 100.476
-74.1522 119.927
-84.3885 135.936
-116.37 186.703
-154.899 247.528
-18.6199 29.6361
-2.13407 3.38315
-196.893 310.897
-17.1697 27.0037
-74.2533 116.32
-193.17 301.412
-77.9171 121.099
-154.099 238.557
-202.408 312.114
-130.947 201.129
-215.565 329.8
-79.55 121.23
-8.25182 12.5263
-191.412 289.431
-137.173 206.61
-201.879 302.888
-120.675 180.351
-62.451 92.9725
-26.8362 39.7972
-86.3287 127.528
-97.2368 143.087
-18.597 27.2608
-196.065 286.3
-156.357 227.439
-140.293 203.29
-103.643 149.607
-163.289 234.803
-52.6622 75.4367
-47.6326 67.9716
-50.056 71.1575
-13.8438 19.6048
-10.4092 14.685
-157.693 221.623
-103.457 144.847
-115.37 160.915
-107.481 149.345
-185.633 256.962
-9.97982 13.7624
-107.696 147.955
-21.2383 29.0678
-41.3981 56.4464
-199.79 271.391
-123.613 167.284
-117.956 159.03
-195.875 263.091
-77.2217 103.333
-145.214 193.59
-217.138 288.395
-185.701 245.722
-59.227 78.0779
-90.2623 118.548
-103.834 135.866
-223.98 291.988
-39.0441 50.7105
-31.1858 40.354
-35.5486 45.829
-189.826 243.817
-117.607 150.498
-146.883 187.268
-143.508 182.29
-44.6384 56.4926
-130.491 164.536
-49.2005 61.8086
-100.495 125.784
-18.7679 23.4044
-121.638 151.13
-116.253 143.91
-166.895 205.842
-41.6583 51.1917
-231.523 283.466
-95.0952 116.004
-162.016 196.916
-99.9684 121.059
-244.402 294.884
-177.783 213.722
-51.2709 61.4109
-127.168 151.764
-178.932 212.761
-24.5105 29.0385
-208.782 246.453
-183.314 215.604
-256.403 300.471
-104.728 122.282
-205.984 239.638
-9.14494 10.6005
-59.5657 68.7962
-19.6778 22.6448
-222.161 254.733
-15.1485 17.3067
-222.414 253.182
-60.1811 68.2586
-93.4374 105.596
-124.836 140.57
-9.31507 10.4513
-88.0047 98.3828
-15.3649 17.1149
-250.346 277.854
-174.384 192.848
-139.784 154.027
-160.262 175.955
-64.096 70.1192
-194.693 212.223
-131.404 142.72
-160.843 174.065
-267.912 288.893
-128.083 137.618
-139.252 149.08
-125.841 134.239
-150.065 159.504
-221.065 234.125
-56.4029 59.5207
-188.825 198.547
-16.5706 17.3613
-208.906 218.088
-24.9493 25.9525
-156.919 162.642
-93.909 96.9851
-85.0231 87.4932
-263.919 270.612
-116.114 118.632
-96.0048 97.7348
-213.422 216.488
-218.03 220.37
-236.745 238.428
-260.467 261.377
-157.693 157.677
-201.189 200.447
-174.581 173.314
-228.923 226.447
-29.9125 29.4829
-104.879 103.002
-271.594 265.776
-61.5739 60.0388
-255.333 248.075
-94.1206 91.117
-281.413 271.455
-265.318 255.011
-220.998 211.651
-106.348 101.484
-250.02 237.729
-52.993 50.207
-225.421 212.803
-21.8519 20.5547
-152.492 142.924
-156.403 146.062
-79.0644 73.5719
-201.657 186.974
-158.656 146.575
-86.0813 79.2402
-98.7516 90.5766
-121.797 111.312
-110.906 100.994
-41.4727 37.63
-214.377 193.813
-25.2617 22.7562
-107.908 96.8549
-29.0703 25.9985
-133.639 119.086
-59.0747 52.4517
-31.4568 27.8293
-55.5119 48.9329
-37.5674 32.9953
-207.699 181.762
-43.7153 38.1178
-258.173 224.3
-46.8762 40.5785
-94.6553 81.6417
-258.619 222.254
-30.3834 26.0164
-38.0375 32.4522
-126.478 107.514
-125.908 106.641
-13.7563 11.6089
-296.207 249.059
-121.881 102.108
-298.635 249.275
-114.559 95.275
-187.109 155.046
-7.71141 6.36664
-75.6838 62.2572
-283.073 232.004
-239.339 195.442
-96.1862 78.2574
-304.516 246.848
-203.047 163.991
-8.56993 6.89611
-127.174 101.96
-2.34399 1.87235
-193.265 153.81
-229.585 182.043
-207.941 164.273
-295.459 232.552
-254.957 199.933
-297.868 232.72
-54.4489 42.3829
-228.373 177.107
-213.655 165.08
-103.014 79.2981
-38.8818 29.8195
-8.74059 6.67848
-70.0205 53.3022
-148.997 113
-122.072 92.2353
-294.809 221.921
-86.402 64.7973
-177.042 132.277
-306.428 228.091
-283.543 210.267
-88.4739 65.3634
-270.606 199.17
-299.995 219.971
-53.2948 38.9315
-96.2181 70.0219
-109.298 79.2405
-214.826 155.161
-250.82 180.473
-21.1318 15.1475
-56.9665 40.6795
-263.196 187.234
-230.081 163.055
-313.7 221.469
-261.747 184.088
-45.8636 32.1331
-145.144 101.303
-262.735 182.675
-150.439 104.197
-193.427 133.458
-13.1858 9.06284
-85.8133 58.7544
-83.4402 56.9098
-62.0364 42.1484
-234.369 158.619
-290.208 195.652
-310.483 208.51
-123.844 82.8474
-84.0486 56.0074
-214.122 142.13
-196.86 130.163
-164.523 108.357
-215.721 141.522
-124.729 81.5081
-253.104 164.75
-212.285 137.638
-223.452 144.309
-24.3895 15.6892
-230.705 147.822
-262.159 167.313
-306.343 194.738
-296.554 187.768
-72.7424 45.8752
-269.282 169.148
-321.298 201.018
-12.7306 7.93302
-26.3392 16.3476
-160.763 99.3793
-305.703 188.219
-149.184 91.4826
-215.915 131.87
-332.344 202.16
-332.706 201.563
-260.289 157.053
-210.857 126.71
-35.1807 21.0552
-268.863 160.256
-31.8164 18.8869
-244.473 144.531
-204.23 120.245
-310.551 182.094
-115.715 67.5716
-286.998 166.901
-252.683 146.339
-168.053 96.9235
-41.6231 23.9064
-324.648 185.688
-259.811 147.985
-90.4612 51.3105
-63.5614 35.9019
-307.67 173.056
-253.015 141.716
-110.041 61.3757
-190.579 105.848
-112.011 61.948
-155.044 85.3842
-238.494 130.784
-121.12 66.1361
-311.003 169.095
-236.557 128.069
-49.294 26.5726
-315.434 169.309
-290.161 155.073
-15.0075 7.98596
-226.211 119.853
-125.595 66.2555
-21.2475 11.16
-108.996 56.9992
-168.525 87.7451
-28.4097 14.7271
-245.262 126.581
-32.9097 16.9101
-122.857 62.8497
-321.682 163.834
-320.192 162.351
-263.35 132.936
-183.171 92.0502
-327.323 163.756
-262.272 130.623
-53.7555 26.6523
-308.472 152.253
-290.795 142.879
-189.542 92.7074
-348.848 169.85
-148.48 71.9634
-93.6686 45.1906
-57.6921 27.7061
-145.257 69.4373
-164.344 78.1993
-112.97 53.5055
-23.5177 11.0869
-204.595 96.0037
-285.406 133.298
-216.727 100.748
-33.5799 15.5367
-250.696 115.446
-1.81813 0.833298
-194.7 88.8134
-53.7229 24.3895
-166.768 75.3494
-48.338 21.7357
-43.8131 19.6065
-160.777 71.602
-226.73 100.487
-256.189 112.993
-83.3271 36.5731
-30.2413 13.2085
-311.821 135.527
-195.499 84.553
-195.65 84.2018
-127.776 54.7192
-280.588 119.564
-58.0018 24.5926
-164.924 69.5782
-343.928 144.369
-115.344 48.1741
-244.712 101.69
-97.0337 40.118
-277.445 114.125
-360.018 147.335
-337.128 137.261
-12.9759 5.25599
-234.664 94.5619
-305.376 122.42
-110.534 44.081
-39.04 15.4879
-52.0904 20.557
-206.647 81.123
-122.026 47.6508
-36.3538 14.1208
-135.256 52.2577
-153.085 58.8305
-114.893 43.9166
-34.5849 13.1486
-372.275 140.768
-317.303 119.331
-23.4157 8.75815
-346.785 128.998
-200.706 74.2494
-152.976 56.2798
-0.93912 0.343589
-210.501 76.586
-186.189 67.3623
-276.642 99.5261
-217.501 77.8086
-353.313 125.678
-20.7409 7.33589
-94.3365 33.1756
-324.722 113.541
-242.75 84.3899
-199.424 68.927
-167.393 57.5198
-356.757 121.873
-128.776 43.7337
-263.394 88.924
-91.9593 30.8623
-203.001 67.7236
-343.6 113.944
-221.288 72.9421
-222.369 72.8559
-369.882 120.451
-40.9105 13.2412
-308.435 99.217
-104.776 33.4967
-339.287 107.798
-254.61 80.3916
-72.5142 22.7528
-194.753 60.7237
-134.684 41.729
-255.181 78.5605
-372.941 114.082
-275.554 83.7502
-2.87191 0.867242
-45.9755 13.7933
-347.876 103.687
-29.7243 8.80148
-335.775 98.7687
-299.477 87.5075
-222.804 64.6697
-112.421 32.4117
-333.592 95.5282
-65.4059 18.6028
-322.384 91.0672
-5.77697 1.62068
-144.497 40.2576
-358.531 99.1952
-304.709 83.7155
-305.824 83.4313
-277.982 75.2997
-87.8772 23.6348
-343.949 91.8439
-46.3973 12.3001
-201.15 52.9395
-141.258 36.9058
-377.511 97.9062
-80.3793 20.6921
-200.556 51.2456
-239.421 60.7182
-292.866 73.7126
-31.0461 7.75486
-0.970625 0.240597
-46.6107 11.465
-253.557 61.8854
-261.443 63.3128
-202.244 48.5925
-321.979 76.7494
-362.989 85.8362
-206.397 48.4157
-221.094 51.4443
-72.1046 16.6409
-189.109 43.2867
-206.74 46.9318
-326.821 73.5742
-122.973 27.4519
-28.3146 6.26745
-120.141 26.3669
-3.90855 0.850442
-230.694 49.7619
-62.5852 13.3824
-213.262 45.2008
-227.044 47.6959
-120.418 25.0708
-73.4528 15.1552
-208.683 42.666
-145.053 29.3854
-154.91 31.0928
-260.892 51.8776
-268.834 52.9551
-70.6674 13.7883
-306.332 59.1994
-8.83956 1.6918
-156.219 29.608
-36.3652 6.82461
-302.817 56.2665
-384.548 70.7388
-221.36 40.309
-257.845 46.4746
-161.451 28.801
-231.422 40.8542
-139.882 24.4352
-259.158 44.7914
-232.624 39.7753
-331.295 56.0344
-78.9035 13.1998
-340.373 56.3131
-15.7901 2.58327
-235.933 38.1639
-65.1719 10.422
-250.885 39.6583
-277.632 43.3754
-264.862 40.8931
-255.049 38.9093
-120.637 18.1823
-131.55 19.5855
-185.01 27.2053
-368.139 53.4585
-347.447 49.8168
-107.924 15.2764
-216.893 30.3034
-186.238 25.6795
-29.7261 4.04441
-393.471 52.8145
-219.088 29.0071
-35.697 4.66104
-210.265 27.0707
-373.008 47.3424
-287.757 35.9974
-142.918 17.6179
-51.6207 6.26933
-217.45 26.0131
-254.242 29.9514
-193.701 22.4667
-148.038 16.901
-232.537 26.125
-328.003 36.2539
-215.729 23.4523
-218.754 23.3837
-272.5 28.634
-254.646 26.2957
-274.591 27.8569
-2.98522 0.297432
-244.831 23.9497
-36.8306 3.53606
-385.294 36.2934
-265.868 24.5622
-134.45 12.1776
-163.358 14.5002
-333.741 29.02
-282.976 24.0939
-263.088 21.9247
-245.186 19.9895
-29.9051 2.38404
-117.643 9.16597
-250.276 19.0477
-264.272 19.6355
-374.018 27.1144
-255.363 18.0515
-0.997636 0.0687223
-148.666 9.97264
-69.8513 4.55969
-12.9739 0.823502
-68.8692 4.24722
-21.9607 1.31475
-129.781 7.5359
-150.762 8.48249
-162.759 8.86431
-304.578 16.0396
-347.551 17.6768
-395.524 19.4047
-95.893 4.53196
-108.888 4.95012
-89.9143 3.92578
-267.765 11.2092
-183.853 7.36572
-202.852 7.76202
-254.831 9.29268
-118.929 4.123
-393.787 12.9438
-2.99855 0.0931716
-211.909 6.20356
-216.918 5.96032
-141.953 3.64537
-133.962 3.19942
-83.9795 1.85479
-18.9961 0.38542
-315.946 5.84275
-11.9983 0.200329
-64.9928 0.968394
-234.98 3.07912
-16.9989 0.192216
-377.983 3.59517
-108.997 0.840953
-366.994 2.17238
-260.998 1.07621
-114 0.265334
-297 0.157877
-81.9999 -0.103676
-160.999 -0.492702
-245.997 -1.19462
-7.99982 -0.0532164
-162.994 -1.37701
-136.993 -1.40339
-173.987 -2.09488
-343.967 -4.75935
-142.983 -2.23524
-44.9932 -0.784203
-309.943 -5.95893
-122.973 -2.5852
-77.9797 -1.77944
-148.955 -3.66671
-102.964 -2.71963
-245.902 -6.93705
-276.875 -8.30849
-99.9495 -3.17896
-315.822 -10.6127
-329.793 -11.6752
-260.82 -9.70245
-85.9347 -3.35131
-7.99335 -0.326106
-390.646 -16.64
-308.696 -13.7047
-336.641 -15.5512
-19.977 -0.958797
-153.809 -7.65898
-395.474 -20.4048
-145.792 -7.78482
-61.9058 -3.41707
-274.554 -15.6494
-194.664 -11.4465
-226.584 -13.7318
-316.385 -19.7444
-39.9178 -2.5631
-165.639 -10.9344
-381.125 -25.8467
-271.343 -18.8913
-267.319 -19.0936
-97.7383 -7.15753
-26.9243 -2.02033
-245.277 -18.848
-374.842 -29.4815
-162.475 -13.0724
-233.212 -19.1853
-256.096 -21.531
-164.395 -14.1187
-3.98471 -0.349428
-206.176 -18.4532
-212.118 -19.369
-229.009 -21.3262
-264.809 -25.1399
-308.559 -29.8526
-163.209 -16.0861
-0.995 -0.0998731
-62.6736 -6.40457
-397.854 -41.3785
-345.073 -36.5156
-357.933 -38.5265
-144.139 -15.7765
-227.595 -25.3248
-126.196 -14.2714
-254.326 -29.2244
-234.408 -27.3623
-43.694 -5.17992
-388.198 -46.7279
-2.97785 -0.363874
-135.958 -16.8611
-117.077 -14.733
-289.649 -36.9782
-131.899 -17.0797
-388.663 -51.0383
-109.038 -14.5178
-303.25 -40.9306
-115.92 -15.8582
-203.058 -28.1504
-164.386 -23.0902
-389.081 -55.3642
-189.047 -27.2468
-303.781 -44.3403
-381.852 -56.4362
-377.794 -56.5299
-117.658 -17.8214
-342.004 -52.4313
-93.8769 -14.5645
-336.874 -52.8839
-70.1211 -11.137
-117.493 -18.8772
-380.015 -61.756
-179.591 -29.5163
-314.684 -52.2999
-124.258 -20.8808
-133.093 -22.6114
-220.768 -37.9147
-392.136 -68.0706
-300.412 -52.7042
-59.0787 -10.4742
-278.565 -49.9035
-276.507 -50.0475
-64.9235 -11.8715
-89.4863 -16.5291
-145.49 -27.1438
-13.7579 -2.59237
-20.6298 -3.92561
-181.677 -34.9091
-172.778 -33.5211
-228.655 -44.7881
-137.341 -27.158
-333.422 -66.5541
-131.36 -26.4661
-247.926 -50.4149
-237.06 -48.6488
-146.883 -30.418
-85.1606 -17.7954
-376.718 -79.4266
-162.367 -34.5379
-272.79 -58.5387
-325.462 -70.4533
-95.7441 -20.906
-367.2 -80.8704
-275.291 -61.1473
-33.1778 -7.43196
-99.4932 -22.4746
-30.2258 -6.88481
-61.4014 -14.102
-364.359 -84.3712
-44.7955 -10.4577
-350.426 -82.4721
-185.842 -44.0899
-184.79 -44.191
-251.789 -60.6916
-117.58 -28.5652
-55.3646 -13.5558
-33.9808 -8.38476
-208.646 -51.8812
-151.322 -37.9159
-176.463 -44.5521
-138.586 -35.2542
-321.605 -82.4266
-182.03 -47.0023
-26.1304 -6.79727
-201.206 -52.7256
-262.992 -69.4213
-228.076 -60.6429
-257.911 -69.072
-269.372 -72.6602
-125.453 -34.0814
-159.151 -43.543
-37.5989 -10.3595
-190.792 -52.9372
-354.426 -99.0251
-366.762 -103.182
-115.457 -32.7057
-2.88495 -0.822825
-98.9992 -28.4282
-38.4264 -11.1091
-155.546 -45.2713
-371.387 -108.815
-316.519 -93.3567
-296.22 -87.948
-215.579 -64.427
-187.692 -56.4603
-113.894 -34.4841
-238.186 -72.5836
-338.44 -103.799
-289.522 -89.3651
-297.956 -92.5548
-234.795 -73.3977
-154.534 -48.6127
-17.1607 -5.43223
-81.9434 -26.1012
-2.85685 -0.91564
-17.1312 -5.52461
-230.186 -74.6889
-184.421 -60.2058
-133.959 -43.9985
-162.365 -53.6516
-225.848 -75.0787
-248.473 -83.096
-258.75 -87.0496
-263.329 -89.117
-102.238 -34.8047
-328.286 -112.416
-374.412 -128.963
-38.7409 -13.4218
-80.2663 -27.9699
-200.068 -70.1196
-172.591 -60.8378
-175.309 -62.1501
-19.7804 -7.05248
-367.114 -131.634
-359.351 -129.58
-284.85 -103.293
-258.358 -94.2123
-234.717 -86.0692
-186.711 -68.8465
-275.662 -102.208
-280.163 -104.45
-295.893 -110.92
-145.975 -55.0202
-96.3157 -36.5005
-65.4126 -24.9237
-169.956 -65.1068
-209.033 -80.507
-165.059 -63.9115
-132.328 -51.5113
-106.16 -41.5449
-110.738 -43.566
-248.288 -98.195
-343.824 -136.693
-366.793 -146.588
-178.161 -71.573
-47.2898 -19.0965
-349.319 -141.792
-232.401 -94.8203
-200.773 -82.3368
-309.72 -127.666
-221.724 -91.8608
-39.696 -16.5297
-57.1931 -23.9363
-154.858 -65.1378
-317.772 -134.336
-88.3561 -37.5392
-131.513 -56.1541
-183.793 -78.8673
-98.2534 -42.3706
-188.096 -81.5152
-84.3482 -36.734
-170.396 -74.5726
-93.3696 -41.0624
-271.655 -120.052
-318.964 -141.644
-273.049 -121.842
-95.8096 -42.9595
-245.257 -110.499
-4.55499 -2.06206
-248.5 -113.035
-50.023 -22.8625
-207.198 -95.1478
-296.012 -136.577
-194.153 -90.0034
-334.499 -155.794
-218.283 -102.144
-220.815 -103.812
-296.582 -140.083
-199.661 -94.7441
-118.25 -56.373
-327.389 -156.797
-28.8359 -13.8742
-216.982 -104.88
-279.763 -135.845
-10.7853 -5.26099
-306.212 -150.05
-345.419 -170.032
-294.018 -145.387
-12.5384 -6.22806
-87.6903 -43.754
-280.715 -140.696
-293.859 -147.945
-133.857 -67.6925
-156.025 -79.2549
-38.3024 -19.5429
-185.107 -94.8656
-200.94 -103.436
-298.466 -154.318
-60.3477 -31.3394
-176.441 -92.0307
-71.7502 -37.5887
-233.632 -122.931
-44.2066 -23.3618
-333.884 -177.215
-103.246 -55.0378
-287.402 -153.87
-284.483 -152.965
-40.4755 -21.8572
-325.247 -176.392
-277.508 -151.147
-339.526 -185.718
-45.5762 -25.0362
-7.00479 -3.86431
-202.063 -111.945
-121.466 -67.5791
-103.885 -58.0421
-136.921 -76.8226
-213.45 -120.266
-290.695 -164.477
-232.145 -131.9
-296.182 -168.989
-319.305 -182.943
-38.1385 -21.9421
-297.865 -172.083
-102.068 -59.2118
-126.156 -73.4887
-1.72636 -1.0098
-33.6286 -19.7515
-119.729 -70.6114
-199.623 -118.214
-98.8459 -58.7749
-52.3752 -31.2704
-40.3113 -24.166
-117.377 -70.6522
-297.831 -180.002
-159.012 -96.4938
-279.249 -170.144
-188.521 -115.329
-113.329 -69.6098
-268.114 -165.347
-56.9642 -35.2714
-152.019 -94.5058
-16.118 -10.0603
-269.462 -168.862
-71.0984 -44.7328
-286.608 -181.044
-127.518 -80.8711
-20.2447 -12.8901
-96.052 -61.4004
-259.211 -166.355
-73.1341 -47.1212
-243.498 -157.508
-201.281 -130.713
-247.957 -161.659
-262.727 -171.961
-1.67145 -1.0983
-195.328 -128.852
-41.6873 -27.6074
-0.832753 -0.553644
-3.32703 -2.22055
-312.366 -209.293
-254.736 -171.344
-70.4442 -47.567
-216.042 -146.447
-122.357 -83.2626
-77.6184 -53.0225
-43.7098 -29.9742
-235.577 -162.171
-285.469 -197.273
-322.089 -223.435
-49.2378 -34.2876
-115.564 -80.7836
-300.416 -210.806
-172.501 -121.509
-185.346 -131.056
-254.425 -180.588
-186.503 -132.882
-92.7254 -66.3174
-55.2388 -39.657
-233.65 -168.379
-273.049 -197.518
-8.09181 -5.8756
-219.002 -159.622
-249.383 -182.453
-90.2724 -66.294
-156.963 -115.705
-164.794 -121.934
-67.4354 -50.0846
-213.26 -158.984
-167.337 -125.217
-170.31 -127.92
-206.013 -155.315
-256.768 -194.304
-40.6129 -30.8479
-264.816 -201.895
-79.4154 -60.7717
-165.75 -127.311
-19.0072 -14.6536
-235.679 -182.372
-90.8233 -70.5417
-268.146 -209.04
-288.247 -225.543
-247.732 -194.561
-150 -118.241
-72.9332 -57.704
-69.697 -55.3474
-229.124 -182.623
-132.748 -106.197
-258.877 -207.862
-192.32 -154.99
-20.2149 -16.3511
-112.573 -91.391
-237.996 -193.925
-200.491 -163.964
-153.046 -125.622
-17.7518 -14.6244
-224.266 -185.434
-35.3983 -29.3761
-303.51 -252.797
-155.748 -130.198
-89.631 -75.2016
-181.286 -152.657
-217.673 -183.966
-109.052 -92.5019
-256.605 -218.455
-254.692 -217.617
-198.127 -169.902
-131.123 -112.853
-42.3788 -36.6065
-228.943 -198.479
-187.848 -163.444
-280.202 -244.685
-123.336 -108.094
-294.339 -258.899
-248.143 -219.057
-280.682 -248.681
-43.3431 -38.5406
-268.596 -239.7
-224.216 -200.819
-168.821 -151.752
-155.925 -140.667
-76.3536 -69.1312
-273.094 -248.155
-292.597 -266.839
-92.9465 -85.0703
-199.58 -183.327
-147.048 -135.561
-165.155 -152.803
-169.277 -157.182
-70.2315 -65.4487
-208.881 -195.358
-102.807 -96.4977
-225.647 -212.564
-53.773 -50.8377
-249.547 -236.775
-202.773 -193.088
-177.123 -169.271
-45.4676 -43.6084
-155.62 -149.794
-115.794 -111.86
-35.8984 -34.8038
-70.2383 -68.3417
-10.732 -10.4798
-55.7082 -54.5949
-209.607 -206.157
-58.3585 -57.6046
-260.016 -257.58
-83.681 -83.1955
-248.471 -247.918
-226.12 -226.429
-155.177 -155.949
-46.4691 -46.8681
-210.138 -212.704
-273.594 -277.932
-62.3215 -63.5376
-35.6469 -36.4733
-265.813 -272.955
-116.993 -120.568
-242.588 -250.902
-79.0935 -82.0988
-211.908 -220.751
-67.0476 -70.0973
-184.897 -194.003
-218.29 -229.866
-257.053 -271.661
-64.4843 -68.3943
-61.6225 -65.5947
-142.144 -151.852
-216.899 -232.548
-255.965 -275.423
-99.1985 -107.125
-21.6999 -23.5184
-84.6002 -92.0207
-211.425 -230.8
-109.887 -120.39
-3.36413 -3.699
-206.149 -227.49
-145.426 -161.06
-234.759 -260.939
-106.132 -118.394
-43.9663 -49.2236
-220.719 -248.007
-47.77 -53.8704
-136.398 -154.375
-58.8095 -66.8015
-11.8698 -13.5318
-10.5293 -12.0472
-95.8822 -110.103
-22.2826 -25.6804
-200.128 -231.484
-246.703 -286.394
-227.953 -265.589
-144.284 -168.719
-80.4218 -94.3839
-102.904 -121.21
-242.83 -287.071
-119.224 -141.459
-15.4339 -18.3792
-248.98 -297.578
-84.5227 -101.39
-91.3689 -110.003
-180.43 -218.023
-17.1768 -20.8317
-45.7048 -55.6333
-44.3381 -54.1677
-106.81 -130.968
-70.6291 -86.9225
-10.6968 -13.2128
-190.859 -236.62
-2.50571 -3.11792
-163.757 -204.518
-27.4394 -34.3959
-239.554 -301.395
-27.9365 -35.2782
-81.7611 -103.63
-168.712 -214.628
-43.7771 -55.8978
-75.0499 -96.1848
-229.541 -295.274
-126.139 -162.864
-70.2543 -91.0458
-65.2148 -84.8294
-118.572 -154.809
-165.004 -216.235
-81.0973 -106.673
-39.2453 -51.8152
-9.63745 -12.7718
-179.07 -238.197
-169.05 -225.712
-65.1854 -87.3605
-54.8863 -73.8342
-155.334 -209.744
-216.702 -293.709
-220.32 -299.738
-125.843 -171.851
-213.938 -293.257
-231.048 -317.909
-136.057 -187.916
-211.77 -293.594
-61.8554 -86.0808
-209.55 -292.727
-177.67 -249.137
-118.148 -166.304
-151.356 -213.859
-51.8603 -73.5561
-155.184 -220.947
-123.83 -176.981
-20.5853 -29.5338
-131.749 -189.745
-184.312 -266.468
-129.364 -187.747
-183.354 -267.128
-8.46637 -12.3823
-173.949 -255.388
-131.942 -194.464
-25.1986 -37.2831
-30.7164 -45.6235
-186.034 -277.394
-56.1052 -83.9834
-9.41805 -14.1528
-184.537 -278.392
-54.5499 -82.6154
-23.0794 -35.0905
-138.098 -210.791
-67.2201 -103.007
-130.255 -200.386
-136.417 -210.693
-11.9237 -18.4885
-123.228 -191.83
-101.325 -158.358
-87.0668 -136.614
-47.1622 -74.2949
-157.653 -249.34
-162.001 -257.239
-8.50204 -13.5542
-169.024 -270.54
-43.3232 -69.6211
-47.4125 -76.4987
-126.592 -205.074
-125.176 -203.598
-192.176 -313.835
-162.975 -267.223
-7.26813 -11.9655
-158.391 -261.818
-123.859 -205.57
-194.496 -324.122
-200.583 -335.63
-40.4051 -67.8854
-45.8921 -77.4204
-62.5291 -105.92
-117.582 -199.996
-137.939 -235.588
-136.508 -234.108
-30.1301 -51.8862
-140.672 -243.253
-65.8757 -114.387
-73.1327 -127.517
-4.46348 -7.8152
-60.3146 -106.048
-150.31 -265.39
-21.124 -37.4536
-94.0208 -167.404
-173.773 -310.707
-79.3088 -142.405
-55.7735 -100.57
-39.1567 -70.9067
-58.303 -106.027
-86.4483 -157.882
-57.9218 -106.236
-84.4493 -155.555
-119.835 -221.684
-158.301 -294.103
-36.3727 -67.8677
-25.4226 -47.6413
-157.183 -295.835
-182.838 -345.617
-181.285 -344.175
-171.378 -326.788
-181.899 -348.37
-170.203 -327.402
-56.0787 -108.348
-49.013 -95.1143
-7.75996 -15.1256
-47.3064 -92.618
-136.887 -269.195
-34.7784 -68.6983
-6.30091 -12.5019
-157.858 -314.619
-147.462 -295.22
-12.9122 -25.9668
-19.9637 -40.3293
-176.369 -357.903
-50.6479 -103.246
-99.1696 -203.08
-6.12065 -12.5912
-56.6245 -117.02
-35.1504 -72.9757
-91.6555 -191.163
-101.219 -212.084
-33.8985 -71.3575
-47.4495 -100.347
-66.0065 -140.243
-30.9683 -66.1057
-132.695 -284.584
-107.347 -231.304
-24.7409 -53.562
-136.59 -297.106
-148.539 -324.631
-51.3906 -112.849
-127.144 -280.532
-30.4265 -67.4554
-54.8772 -122.248
-38.3419 -85.8248
-161.688 -363.677
-27.1089 -61.2708
-106.383 -241.617
-26.8886 -61.3678
-156.673 -359.329
-56.1223 -129.349
-122.878 -284.607
-43.8153 -101.986
-26.3365 -61.6067
-80.6346 -189.563
-3.89777 -9.20909
-64.0402 -152.065
-132.172 -315.428
-76.9619 -184.599
-21.0733 -50.8027
-69.813 -169.16
-63.8116 -155.409
-74.1211 -181.444
-102.41 -251.985
-89.962 -222.501
-116.804 -290.389
-49.4107 -123.481
-119.829 -301.027
-136.96 -345.87
-100.421 -254.934
-58.7377 -149.903
-31.2315 -80.1286
-28.5572 -73.6579
-96.7885 -250.984
-141.462 -368.8
-70.5781 -184.994
-26.2535 -69.1864
-3.88406 -10.2915
-57.9836 -154.476
-58.7553 -157.391
-95.366 -256.868
-36.0221 -97.5623
-67.2129 -183.05
-78.8888 -216.048
-84.6443 -233.108
-59.4333 -164.599
-60.1514 -167.529
-7.73348 -21.6609
-115.753 -326.063
-85.5433 -242.345
-36.4275 -103.793
-93.2384 -267.2
-120.619 -347.671
-5.86928 -17.0162
-98.2849 -286.617
-1.61337 -4.73255
-67.4043 -198.889
-47.5714 -141.202
-47.6354 -142.235
-27.4803 -82.5459
-40.5268 -122.469
-60.3039 -183.337
-54.3811 -166.336
-91.4763 -281.51
-81.1359 -251.223
-74.5722 -232.325
-73.8509 -231.506
-85.5231 -269.768
-19.5318 -61.996
-4.48164 -14.3148
-88.5243 -284.548
-5.90692 -19.1078
-98.0724 -319.277
-95.1635 -311.801
-68.7761 -226.801
-72.9843 -242.244
-111.548 -372.664
-36.1994 -121.732
-10.1992 -34.525
-58.5706 -199.583
-103.271 -354.254
-6.39725 -22.0924
-84.8597 -295.039
-81.8575 -286.537
-51.8628 -182.785
-16.0028 -56.7883
-0.808515 -2.889
-11.5143 -41.4297
-87.5286 -317.143
-88.0161 -321.158
-98.4676 -361.841
-61.8207 -228.795
-93.2806 -347.705
-93.1707 -349.805
-56.4969 -213.657
-97.2457 -370.449
-99.1019 -380.3
-80.6383 -311.739
-10.6937 -41.6491
-7.90242 -31.0089
-53.9462 -213.283
-0.243468 -0.969909
-75.4185 -302.747
-41.757 -168.915
-93.3898 -380.713
-30.2713 -124.369
-46.4804 -192.467
-72.231 -301.468
-12.7191 -53.5091
-18.3607 -77.8645
-3.64417 -15.5795
-67.5774 -291.263
-2.46688 -10.7198
-39.8295 -174.513
-18.7646 -82.9029
-57.161 -254.664
-33.4573 -150.322
-39.4368 -178.7
-69.2542 -316.512
-34.7668 -160.272
-80.5209 -374.44
-81.7247 -383.386
-19.4321 -91.9695
-79.9371 -381.72
-66.4493 -320.177
-13.4972 -65.6264
-69.093 -339.031
-45.524 -225.45
-53.162 -265.734
-25.4675 -128.501
-5.97204 -30.4193
-9.73509 -50.0622
-60.8969 -316.189
-33.7243 -176.813
-46.9549 -248.605
-58.641 -313.564
-46.972 -253.688
-32.8138 -179.017
-65.3416 -360.12
-9.19161 -51.1812
-43.2234 -243.189
-9.52739 -54.1685
-3.60058 -20.689
-25.7924 -149.796
-22.165 -130.126
-26.4172 -156.79
-45.6961 -274.219
-36.0978 -219.046
-63.0456 -386.897
-27.517 -170.798
-25.3228 -158.996
-21.1494 -134.345
-7.07187 -45.4531
-17.1716 -111.688
-21.4766 -141.378
-55.5055 -369.858
-0.586536 -3.95676
-53.0178 -362.14
-10.5879 -73.2386
-38.0104 -266.301
-14.6501 -103.973
-19.9731 -143.618
-5.16674 -37.6471
-30.4605 -224.947
-25.687 -192.292
-49.377 -374.761
-7.98847 -61.4832
-20.8387 -162.671
-36.8334 -291.684
-35.5685 -285.795
-40.5325 -330.524
-41.618 -344.495
-1.7723 -14.8949
-23.5067 -200.628
-21.4276 -185.768
-39.5934 -348.76
-44.1848 -395.54
-7.31855 -66.5991
-14.7202 -136.207
-26.6266 -250.589
-37.4989 -359.047
-11.0256 -107.436
-27.0815 -268.638
-36.9431 -373.176
-37.3368 -384.19
-26.868 -281.722
-8.94258 -95.5826
-20.8309 -227.046
-23.2895 -258.955
-0.0877862 -0.996139
-18.6614 -216.196
-23.9992 -283.988
-24.3957 -294.993
-22.8984 -283.075
-4.17841 -52.835
-11.7883 -152.545
-18.8894 -250.288
-10.9464 -148.597
-9.74775 -135.65
-14.3959 -205.496
-12.5288 -183.573
-3.71278 -55.8768
-2.32227 -35.925
-21.8249 -347.315
-17.4239 -285.469
-21.1095 -356.375
-21.0428 -366.396
-8.94263 -160.751
-3.22506 -59.9133
-13.8207 -265.641
-5.31739 -105.867
-5.90118 -121.857
-11.8304 -253.724
-8.55343 -190.808
-2.5363 -58.9455
-4.98446 -120.897
-13.0806 -331.742
-5.18946 -137.902
-10.3849 -289.814
-11.7013 -343.801
-11.5993 -359.813
-5.23315 -171.92
-6.18412 -215.911
-3.73006 -138.95
-7.78733 -310.902
-5.97377 -256.931
-4.01092 -186.957
-0.373411 -18.9963
-4.96442 -277.956
-3.01965 -187.976
-1.51222 -105.989
-3.52915 -282.978
-0.330916 -30.9982
-3.52491 -396.984
-0.814546 -114.997
-0.285505 -53.9992
-1.3546 -387.998
-0.0254297 -15
0.0117704 -117
0.671368 -353.999
1.09665 -296.998
1.94287 -353.995
1.89389 -259.993
3.39595 -373.985
3.48029 -319.981
4.85326 -382.969
4.38364 -302.968
2.472 -151.98
5.21899 -288.953
7.10787 -357.929
4.35164 -200.953
4.50151 -191.947
9.64198 -381.878
8.21897 -303.889
10.5234 -364.848
10.7499 -350.835
2.56129 -78.9585
7.69868 -224.868
5.68977 -157.898
14.215 -375.731
8.4745 -213.832
15.937 -384.67
3.02324 -69.9347
7.42226 -164.833
10.8524 -231.746
8.1114 -166.803
8.10876 -160.796
1.35612 -25.9646
14.7289 -272.602
9.92264 -177.723
19.2753 -334.445
20.4692 -344.392
9.90204 -161.697
11.3878 -180.641
1.94125 -29.9371
15.4946 -232.484
17.756 -259.393
24.3191 -346.147
2.65939 -36.9043
22.9103 -310.155
25.6555 -339.031
18.1533 -234.298
15.4915 -195.387
20.4496 -252.172
31.1472 -375.711
16.966 -200.283
6.80961 -78.706
6.33504 -71.7208
16.9676 -188.237
2.19754 -23.8992
19.884 -212.07
3.52019 -36.8322
6.68802 -68.6751
38.5976 -389.09
23.9195 -236.795
3.98926 -38.7954
16.1316 -154.158
11.6447 -109.382
6.88939 -63.6281
24.4033 -221.661
6.67302 -59.6278
11.0742 -97.3723
26.9747 -233.447
23.1974 -197.643
26.5111 -222.426
3.48395 -28.79
33.4058 -271.956
29.0698 -233.195
11.2935 -89.2886
20.7442 -161.675
24.5187 -188.411
25.9037 -196.298
31.2952 -233.916
0.40316 -2.97279
47.1135 -342.777
34.4863 -247.61
22.6352 -160.411
38.6299 -270.253
37.969 -262.266
42.2114 -287.922
33.6248 -226.518
31.8024 -211.624
28.122 -184.873
8.0645 -52.3829
44.7951 -287.532
0.778547 -4.93901
41.1031 -257.743
28.1884 -174.741
63.4455 -388.858
9.93088 -60.1862
40.1558 -240.673
29.1102 -172.562
30.9331 -181.381
30.919 -179.354
34.1592 -196.046
11.4459 -64.9999
34.688 -194.938
43.0012 -239.165
50.0435 -275.492
42.416 -231.14
24.2406 -130.772
13.0658 -69.7874
4.08739 -21.617
12.0035 -62.8643
60.5819 -314.213
71.4645 -367.109
14.2705 -72.611
64.6092 -325.653
70.6922 -352.991
20.6053 -101.938
22.3874 -109.74
57.8727 -281.105
80.7521 -388.701
27.2868 -130.171
70.974 -335.577
74.7067 -350.118
3.57738 -16.6193
63.0203 -290.237
55.4115 -253.003
12.2948 -55.6582
28.7036 -128.841
37.9223 -168.792
14.804 -65.344
84.8514 -371.431
26.486 -114.989
23.7518 -102.278
23.0236 -98.3408
64.7767 -274.459
76.6106 -322.012
76.7224 -319.929
6.34351 -26.2442
71.2437 -292.447
60.8008 -247.645
67.4901 -272.775
52.9808 -212.495
24.1227 -96.0161
28.2216 -111.483
42.2619 -165.695
24.6396 -95.8848
14.035 -54.2127
100.188 -384.15
28.7133 -109.291
58.3307 -220.412
61.8173 -231.902
19.9666 -74.3662
20.3612 -75.2956
63.5914 -233.495
18.251 -66.5425
6.9222 -25.0616
82.2665 -295.772
19.1486 -68.3691
80.8855 -286.813
106.531 -375.168
92.3607 -323.057
92.9407 -322.89
93.5204 -322.723
21.2845 -72.9587
20.8519 -71.0014
40.8248 -138.092
24.8148 -83.386
72.5979 -242.36
66.3936 -220.209
100.184 -330.134
114.797 -375.86
31.1451 -101.321
114.669 -370.668
0.594507 -1.9096
111.515 -355.94
22.8518 -72.4831
3.93111 -12.3914
53.8265 -168.617
58.7165 -182.801
93.795 -290.22
50.0957 -154.06
113.804 -347.857
80.6628 -245.066
124.798 -376.875
62.2631 -186.902
83.5708 -249.369
20.1261 -59.6987
116.582 -343.77
99.7649 -292.452
74.6495 -217.549
112.234 -325.176
64.2798 -185.16
71.8646 -205.814
118.623 -337.776
123.559 -349.82
51.8841 -146.058
70.3134 -196.817
32.1213 -89.4048
26.8448 -74.2991
23.5633 -64.8519
84.0801 -230.121
55.869 -152.061
99.808 -270.152
46.6641 -125.612
44.4402 -118.971
13.7126 -36.5098
114.111 -302.172
32.6567 -86.0089
139.091 -364.354
0.71664 -1.8672
107.639 -278.953
20.6153 -53.1414
98.1031 -251.547
3.28516 -8.37901
0.366689 -0.930344
142.187 -358.858
90.2869 -226.681
4.83205 -12.0686
82.5132 -205.018
133.51 -330.017
65.1678 -160.257
76.0494 -186.058
98.4244 -239.57
79.389 -192.253
12.6501 -30.4791
15.3998 -36.9167
59.9311 -142.945
143.286 -340.044
149.355 -352.678
93.2044 -218.991
98.3167 -229.856
17.3764 -40.4235
95.5726 -221.239
66.1037 -152.27
39.1864 -89.8244
26.4995 -60.4465
92.7248 -210.481
4.45273 -10.0585
14.2252 -31.9788
128.544 -287.579
151.594 -337.519
85.5613 -189.587
68.9691 -152.093
82.9247 -181.999
15.4015 -33.6421
65.6087 -142.634
58.7329 -127.084
26.1113 -56.2334
104.003 -222.933
105.252 -224.557
23.8577 -50.6637
14.5403 -30.734
49.3669 -103.865
1.2927 -2.7072
153.112 -319.175
41.6772 -86.4813
55.7765 -115.208
23.618 -48.5612
55.751 -114.109
11.4555 -23.3403
45.9897 -93.2789
127.376 -257.185
141.2 -283.816
55.8793 -111.815
47.5559 -94.7335
22.9625 -45.5382
75.9104 -149.872
166.869 -327.992
164.273 -321.458
74.4335 -145.013
91.6489 -177.765
93.3475 -180.264
95.9783 -184.532
180.58 -345.674
119.871 -228.462
146.855 -278.673
175.891 -332.323
39.4281 -74.1716
84.303 -157.905
97.3453 -181.549
168.317 -312.561
102.278 -189.114
111.686 -205.626
100.562 -184.356
157.105 -286.787
113.757 -206.774
52.7115 -95.407
180.966 -326.16
119.249 -214.02
176.765 -315.909
106.791 -190.052
64.869 -114.961
161.209 -284.5
63.7979 -112.12
87.8127 -153.681
78.6328 -137.043
47.9263 -83.1809
155.244 -268.327
71.8348 -123.648
26.2025 -44.9158
4.549 -7.76573
165.787 -281.858
178.498 -302.224
72.4322 -122.138
42.4652 -71.3141
158.57 -265.21
50.9565 -84.8789
45.4301 -75.3665
151.194 -249.809
18.1763 -29.9102
176.05 -288.531
26.6419 -43.488
30.3874 -49.4025
16.8144 -27.2264
57.4405 -92.6369
97.2444 -156.203
210.42 -336.649
52.6233 -83.8558
144.995 -230.132
113.332 -179.164
119.015 -187.402
160.21 -251.27
106.209 -165.918
65.4179 -101.791
180.537 -279.813
25.5521 -39.4473
56.6975 -87.1859
198.989 -304.794
55.914 -85.309
139.068 -211.35
137.243 -207.763
44.7666 -67.5052
126.905 -190.62
199.483 -298.475
182.19 -271.543
174.298 -258.775
81.7798 -120.947
113.448 -167.134
219.049 -321.463
16.9377 -24.7611
130.763 -190.426
139.618 -202.541
13.6567 -19.7356
110.678 -159.331
183.605 -263.306
138.202 -197.437
226.519 -322.374
67.4377 -95.6094
105.748 -149.353
17.3797 -24.453
10.4541 -14.653
133.334 -186.18
113.822 -158.333
162.675 -225.435
111.457 -153.874
183.478 -252.348
201.617 -276.251
188.52 -257.335
10.0711 -13.6957
169.846 -230.105
163.115 -220.158
100.254 -134.807
56.8283 -76.1285
236.254 -315.309
16.8299 -22.3776
190.993 -253.003
65.2248 -86.0798
56.9042 -74.8192
212.377 -278.201
203.753 -265.913
187.77 -244.144
170.487 -220.851
177.621 -229.239
133.217 -171.295
14.7677 -18.9186
40.0879 -51.166
221.916 -282.196
30.3584 -38.4625
185.049 -233.583
212.23 -266.907
129.746 -162.573
17.5051 -21.8534
214.292 -266.539
28.2592 -35.0202
193.219 -238.569
9.4616 -11.6395
42.3551 -51.9138
245.82 -300.194
118.1 -143.696
94.8134 -114.941
203.431 -245.717
127.181 -153.056
90.9479 -109.053
168.166 -200.908
101.631 -120.976
205.63 -243.88
65.2438 -77.0989
136.591 -160.823
17.5153 -20.5478
78.6599 -91.9436
33.2237 -38.6935
184.092 -213.622
145.879 -168.666
214.356 -246.942
7.22567 -8.29396
6.58232 -7.52815
133.895 -152.581
210.176 -238.642
26.4911 -29.9703
116.798 -131.66
214.119 -240.493
150.585 -168.523
195.62 -218.133
200.025 -222.241
112.613 -124.669
6.04481 -6.66786
185.741 -204.148
62.0358 -67.9379
16.8907 -18.4311
81.9109 -89.0595
6.10444 -6.61331
244.652 -264.093
17.0226 -18.3093
42.2976 -45.3311
92.2768 -98.5393
169.841 -180.716
168.793 -178.955
163.614 -172.842
66.8095 -70.3242
120.76 -126.657
140.346 -146.67
30.4768 -31.7359
110.338 -114.484
213.439 -220.665
25.0751 -25.831
62.8035 -64.4648
40.5479 -41.4712
98.7543 -100.641
228.041 -231.564
35.1472 -35.5622
109.154 -110.047
73.3715 -73.7064
24.0301 -24.0532
189.046 -188.549
1.41861 -1.40981
96.6372 -95.6935
154.467 -152.41
216.066 -212.425
255.022 -249.825
5.72483 -5.58805
106.095 -103.189
40.9322 -39.6681
104.307 -100.723
164.298 -158.083
52.6949 -50.5198
254.527 -243.146
127.482 -121.344
31.1993 -29.5906
260.921 -246.579
123.766 -116.542
150.228 -140.952
276.125 -258.145
231.222 -215.389
249.199 -231.3
284.854 -263.443
111.777 -103.004
86.1814 -79.1313
11.8049 -10.8002
201.013 -183.243
236.872 -215.155
63.0218 -57.0373
176.005 -158.718
192.654 -173.105
16.3908 -14.6745
99.2491 -88.536
222.734 -197.974
148.227 -131.274
227.942 -201.143
109.645 -96.4047
294.103 -257.652
110.744 -96.6679
12.8272 -11.1563
235.029 -203.672
168.788 -145.739
181.936 -156.522
147.292 -126.258
87.4466 -74.6866
61.6872 -52.4946
231.871 -196.601
181.043 -152.946
169.076 -142.317
50.5696 -42.4112
6.13888 -5.12974
297.413 -247.617
30.7863 -25.5383
164.952 -136.334
90.3177 -74.3755
73.4432 -60.2586
282.592 -231.013
99.246 -80.8346
151.416 -122.875
71.5413 -57.8433
205.59 -165.616
202.768 -162.743
1.562 -1.24906
254.971 -203.14
120.619 -95.7453
174.126 -137.71
105.252 -82.9334
240.692 -188.953
90.5836 -70.8493
176.689 -137.685
51.3429 -39.8611
123.395 -95.4451
305.746 -235.617
224.471 -172.342
215.249 -164.648
135.212 -103.042
146.547 -111.265
259.2 -196.062
219.62 -165.505
145.545 -109.273
233.827 -174.897
272.629 -203.158
69.8543 -51.8592
132.659 -98.1157
205.29 -151.265
187.02 -137.286
9.68621 -7.0836
257.021 -187.254
197.469 -143.325
258.502 -186.916
97.3684 -70.1384
121.055 -86.8712
27.6589 -19.7733
57.8324 -41.1875
306.659 -217.57
66.1462 -46.7513
256.743 -180.773
109.704 -76.9481
122.958 -85.9153
62.3766 -43.4185
106.83 -74.0767
191.71 -132.424
78.262 -53.8522
277.967 -190.535
139.567 -95.2996
261.285 -177.724
285.612 -193.522
250.318 -168.952
189.211 -127.214
235.967 -158.036
39.0979 -26.0836
59.9663 -39.8503
136.753 -90.5247
98.512 -64.9568
113.674 -74.6614
26.7782 -17.5193
264.745 -172.528
308.671 -200.365
173.83 -112.393
14.2924 -9.20471
84.1702 -53.9943
228.364 -145.915
310.458 -197.585
230.575 -146.164
207.162 -130.801
184.541 -116.055
105.934 -66.3552
305.432 -190.555
282.841 -175.756
40.8153 -25.2609
83.4237 -51.4246
19.6007 -12.0338
83.6079 -51.1246
34.1631 -20.8059
229.143 -138.988
211.417 -127.718
293.905 -176.829
342.259 -205.085
23.1853 -13.8363
150.436 -89.4098
106.708 -63.1617
298.066 -175.707
139.704 -82.0164
88.9179 -51.9867
33.7032 -19.6238
10.3811 -6.01945
230.353 -133.018
303.409 -174.479
308.061 -176.418
120.745 -68.8597
260.867 -148.15
49.6152 -28.0594
340.688 -191.866
290.444 -162.884
68.1004 -38.0307
13.1093 -7.29007
241.452 -133.704
106.835 -58.9092
279.623 -153.531
234.272 -128.084
241.528 -131.488
312.975 -169.655
65.9998 -35.6235
316.225 -169.95
327.11 -175.044
338.897 -180.569
40.6358 -21.5577
44.2113 -23.3529
263.749 -138.71
159.462 -83.4983
144.537 -75.3529
237.866 -123.466
32.8702 -16.9867
47.128 -24.2477
15.1305 -7.7504
199.549 -101.765
180.115 -91.4466
269.526 -136.233
160.79 -80.9101
258.391 -129.442
218.353 -108.895
176.451 -87.6022
256.395 -126.719
234.19 -115.221
186.799 -91.4886
260.669 -127.088
35.0862 -17.0282
226.008 -109.186
118.058 -56.7736
71.2568 -34.1096
51.4573 -24.5183
59.633 -28.2826
239.639 -113.129
224.456 -105.469
250.914 -117.351
30.8239 -14.3488
43.5524 -20.1789
243.37 -112.229
99.0642 -45.4674
246.5 -112.6
45.5169 -20.6933
94.7523 -42.8719
334.638 -150.688
9.12555 -4.08954
288.599 -128.712
239.473 -106.287
299.122 -132.118
290.204 -127.557
71.4628 -31.258
40.344 -17.5603
22.9406 -9.93626
208.462 -89.847
165.428 -70.9473
257.53 -109.9
360.818 -153.212
325.168 -137.386
207.417 -87.1964
164.213 -68.6872
104.326 -43.4175
128.426 -53.1768
104.481 -43.0425
275.738 -113.015
121.303 -49.4635
37.0661 -15.0368
99.2238 -40.0453
212.511 -85.323
94.7237 -37.8341
140.329 -55.7573
199.948 -79.0306
40.0179 -15.7343
287.773 -112.551
309.41 -120.373
184.656 -71.457
217.448 -83.6979
354.881 -135.866
255.129 -97.1509
72.0085 -27.2723
87.9661 -33.1355
201.335 -75.4272
295.177 -109.98
142.53 -52.8136
6.56823 -2.42042
178.398 -65.3767
62.0106 -22.5985
295.213 -106.984
267.181 -96.2829
145.915 -52.2868
172.384 -61.4226
203.6 -72.1333
79.2279 -27.9096
76.4465 -26.7756
316.366 -110.171
345.857 -119.745
39.7132 -13.6699
108.805 -37.2341
294.428 -100.165
213.141 -72.0842
54.9762 -18.483
130.884 -43.7418
316.018 -104.983
319.055 -105.356
97.8634 -32.1211
290.911 -94.9053
2.85373 -0.925321
188.456 -60.7328
170.47 -54.5989
312.548 -99.4859
273.636 -86.5589
143.096 -44.9829
339.806 -106.149
193.874 -60.1809
254.183 -78.4014
98.4788 -30.1816
194.196 -59.1355
359.889 -108.886
247.079 -74.2705
337.281 -100.725
23.0087 -6.82628
115.105 -33.9247
270.639 -79.2372
279.423 -81.2644
377.561 -109.071
110.539 -31.718
315.44 -89.8988
246.322 -69.7226
180.985 -50.8776
175.297 -48.9391
212.003 -58.7765
353.835 -97.4146
214.142 -58.5421
261.536 -70.9939
49.2428 -13.2721
367.084 -98.2308
317.003 -84.2195
308.452 -81.3548
49.3369 -12.918
178.083 -46.2863
381.507 -98.4281
52.312 -13.3962
181.237 -46.0652
101.811 -25.6827
181.402 -45.4139
387.228 -96.2039
123.308 -30.3999
121.42 -29.7031
116.614 -28.3056
339.299 -81.713
35.0144 -8.36598
73.951 -17.5287
274.513 -64.5479
307.74 -71.7777
265.975 -61.5329
174.466 -40.0325
115.058 -26.1836
365.8 -82.5536
319.107 -71.4138
43.9313 -9.7487
355.497 -78.2179
71.3227 -15.5585
361.64 -78.2087
38.1335 -8.17515
346.268 -73.5835
391.412 -82.4424
297.585 -62.1219
372.12 -76.9841
233.151 -47.7977
383.174 -77.8368
373.51 -75.1755
329.513 -65.7048
245.261 -48.4471
315.026 -61.6404
264.086 -51.1809
191.504 -36.7575
169.957 -32.3053
142.498 -26.8208
10.8138 -2.01527
193.73 -35.7437
84.6005 -15.452
123.99 -22.4163
318.934 -57.0692
38.4025 -6.80048
329.972 -57.8219
266.031 -46.125
375.516 -64.4132
7.88726 -1.33835
50.2965 -8.44164
194.341 -32.2589
77.9567 -12.7963
121.411 -19.7054
87.8759 -14.1006
79.0122 -12.5328
77.0587 -12.0811
109.691 -16.9954
225.374 -34.5047
357.928 -54.1411
232.42 -34.7295
210.717 -31.0999
20.7804 -3.02887
17.8164 -2.56418
5.94033 -0.84406
284.218 -39.8638
10.8961 -1.50832
21.7976 -2.97749
309.205 -41.671
236.916 -31.4956
88.2447 -11.57
68.4305 -8.84714
180.539 -23.0117
127.994 -16.0807
48.6287 -6.02084
50.6247 -6.17568
397.143 -47.7235
124.134 -14.6907
101.314 -11.8057
169.886 -19.4868
334.873 -37.8025
280.277 -31.1296
28.8285 -3.1495
144.17 -15.4886
130.275 -13.7592
278.504 -28.9089
59.6904 -6.08758
285.571 -28.6061
92.5534 -9.10337
315.533 -30.4632
237.935 -22.5402
13.9399 -1.29531
75.6865 -6.89579
378.494 -33.7993
251.041 -21.9634
53.8029 -4.60983
156.451 -13.1217
387.697 -31.8155
166.465 -13.3597
184.433 -14.4684
132.611 -10.1635
166.534 -12.4626
46.8752 -3.42326
39.8989 -2.84176
3.9904 -0.27701
154.647 -10.4564
74.8381 -4.92517
333.318 -21.3348
92.8206 -5.77385
43.92 -2.65284
40.9298 -2.39846
12.9791 -0.73718
65.9004 -3.62426
208.705 -11.102
29.9605 -1.53979
215.735 -10.6991
231.735 -11.0754
372.606 -17.1375
308.699 -13.6426
364.672 -15.4602
218.82 -8.88313
35.9729 -1.39564
201.862 -7.46856
98.9387 -3.48265
212.881 -7.11068
61.9691 -1.95849
93.9583 -2.80058
143.944 -4.03175
118.959 -3.11816
101.97 -2.48958
363.907 -8.23085
362.921 -7.55648
380.931 -7.24707
226.966 -3.9102
189.977 -2.93168
230.979 -3.14949
101.993 -1.20751
326.984 -3.28392
173.994 -1.43493
103.998 -0.670889
49.9995 -0.232748
122.999 -0.351664
278 -0.295554
101 0.0740102
