4500
203 0
94.9999 0.132698
154.999 0.433015
301.997 1.26552
233.996 1.30742
340.992 2.38157
218.992 1.83541
206.99 2.02397
210.987 2.35779
148.988 1.87309
130.987 1.82978
307.964 4.73226
234.967 3.93886
241.96 4.39417
102.98 2.01409
41.9908 0.879936
228.943 5.11754
293.917 6.98068
297.906 7.49178
156.945 4.16624
316.876 8.85472
327.859 9.61995
250.882 7.71206
245.873 7.90188
160.91 5.39632
17.989 0.628444
158.895 5.77321
261.814 9.8788
7.99388 0.312809
123.898 5.02161
119.895 5.0271
132.875 5.75731
90.9091 4.0662
115.877 5.34515
395.553 18.7998
361.567 17.6907
118.85 5.98148
224.7 11.6234
261.631 13.9003
135.798 7.4051
142.777 7.98568
12.9787 0.744101
10.9811 0.644963
344.378 20.7094
352.333 21.6818
333.34 20.9805
19.9587 1.2842
147.681 9.70934
246.445 16.5484
215.494 14.7725
255.376 17.8648
339.138 24.2005
54.855 3.99141
88.7562 6.58281
199.431 15.0714
368.909 28.3974
361.89 28.3657
388.764 31.0186
336.891 27.3534
205.301 16.9578
27.9017 2.34392
167.391 14.2974
155.415 13.4932
321.75 28.3873
95.6166 8.57067
277.851 25.2966
149.363 13.809
281.762 26.4466
86.6078 8.2512
396.153 38.3003
245.82 24.1126
379.128 37.7236
359.176 36.2451
204.93 20.9691
382.945 39.7247
52.7094 5.54223
230.694 24.5826
327.099 35.3176
355.877 38.9278
365.762 40.5261
153.039 17.1731
145.066 16.4836
205.644 23.6579
344.671 40.1399
199.618 23.5299
210.507 25.1117
65.5244 7.90933
367.271 44.8532
96.2681 11.8933
42.6681 5.33189
318.467 40.2481
281.709 36.0024
70.4146 9.09897
81.3091 10.6223
65.4319 8.64103
45.5956 6.08623
230.908 31.1506
247.709 33.7695
70.3358 9.68879
232.757 32.3937
199.042 27.985
359.394 51.0421
208.862 29.9609
226.634 32.8334
270.124 39.5193
391.748 57.872
65.2779 9.73652
382.686 57.626
28.6706 4.35828
342.986 52.6282
171.95 26.6302
203.529 31.812
5.92672 0.934842
391.077 62.2459
268.559 43.1299
375.108 60.7791
320.743 52.4302
130.241 21.4767
183.479 30.5189
119.332 20.0204
46.3413 7.84126
353.885 60.3882
1.97103 0.339178
182.276 31.6286
306.347 53.5982
67.9509 11.9865
291.427 51.8275
386.832 69.3519
213.541 38.5918
238.082 43.3705
27.5396 5.05655
177.978 32.9356
357.83 66.735
52.088 9.78968
223.035 42.241
339.866 64.8597
354.506 68.1668
54.9777 10.6512
96.1849 18.7739
165.825 32.6071
302.129 59.8479
261.838 52.247
167.647 33.6957
206.805 41.8667
66.629 13.5857
9.79559 2.01158
191.938 39.6951
258.454 53.8279
267.187 56.0362
349.296 73.7661
302.242 64.2702
262.061 56.1085
239.499 51.6278
214.018 46.448
337.049 73.6423
171.891 37.8084
290.953 64.423
197.162 43.9447
116.114 26.0504
74.1333 16.7408
49.7316 11.3034
156.946 35.9027
224.136 51.6027
187.045 43.3383
207.436 48.3683
235.601 55.2828
186.862 44.1218
368.735 87.6096
57.3829 13.7186
292.652 70.397
247.844 59.9849
61.2114 14.9053
113.639 27.8401
50.4891 12.4439
72.7957 18.0496
143.6 35.8186
385.063 96.6188
138.652 34.996
326.637 82.9293
201.532 51.4664
338.995 87.0758
281.749 72.7909
127.757 33.197
300.895 78.6346
174.088 45.7552
384.785 101.707
254.173 67.5638
9.66079 2.58246
86.9146 23.3636
278.022 75.1519
324.236 88.1302
298.068 81.4647
198.636 54.5873
135.907 37.553
184.03 51.1268
356.359 99.5394
152.116 42.7185
22.1347 6.24944
370.369 105.128
262.521 74.9119
362.384 103.956
205.621 59.2968
145.989 42.3213
311.062 90.6458
261.991 76.7435
160.2 47.1695
338.487 100.178
155.275 46.1912
203.115 60.7315
296.883 89.2203
283.356 85.5869
39.2321 11.9097
360.591 110.015
157.751 48.3704
211.2 65.082
312.364 96.7343
334.19 104.005
48.675 15.223
342.484 107.637
373.801 118.053
305.009 96.7961
166.728 53.1683
103.801 33.2613
138.974 44.746
51.3782 16.6217
354.729 115.308
82.7009 27.0105
171.977 56.4345
364.69 120.238
26.5797 8.80449
120.502 40.103
288.312 96.3974
293.864 98.7106
35.0576 11.8306
235.817 79.946
335.099 114.126
103.131 35.2847
278.036 95.56
22.6859 7.83251
68.0249 23.5926
373.955 130.282
326.58 114.288
14.1511 4.97446
276.283 97.5539
255.412 90.5858
239.271 85.2376
281.521 100.732
313.376 112.624
242.674 87.5976
177.683 64.4186
237.73 86.5645
375.666 137.386
317.276 116.534
17.8258 6.57565
102.211 37.8663
203.379 75.6693
89.9274 33.6015
341.733 128.233
189.024 71.2314
135.614 51.3209
19.6302 7.46011
244.78 93.4158
156.875 60.1194
348.112 133.966
288.227 111.382
217.219 84.2909
326.117 127.073
108.957 42.6309
130.304 51.1934
301.396 118.897
119.004 47.138
225.797 89.804
173.665 69.3511
335.997 134.721
281.077 113.157
178.008 71.952
18.532 7.52089
217.628 88.6745
127.726 52.2512
23.1254 9.4981
207.085 85.3923
344.634 142.675
4.61709 1.91899
337.774 140.942
87.6225 36.7056
311.569 131.03
140.031 59.1205
227.416 96.3885
69.0126 29.3642
213.352 91.1313
91.9071 39.4092
200.237 86.1918
181.757 78.5382
43.1183 18.7032
232.881 101.402
224.493 98.1227
259.153 113.704
142.767 62.8772
128.045 56.6072
172.754 76.6611
171.734 76.4954
294.869 131.838
52.9155 23.7476
12.7647 5.75001
188.616 85.2815
218.547 99.1825
221.138 100.731
131.871 60.2914
183.592 84.2487
321.535 148.093
295.004 136.373
212.265 98.4854
37.1677 17.3079
212.895 99.5014
207.324 97.2506
270.521 127.356
94.9364 44.8563
63.2491 29.9926
92.1018 43.8322
100.162 47.8397
327.337 156.906
109.94 52.8879
56.7343 27.3902
20.6985 10.0285
10.7919 5.24735
26.9614 13.1561
135.613 66.4083
103.211 50.7201
204.486 100.844
77.9737 38.5888
346.609 172.138
69.8106 34.792
135.946 67.9898
61.6693 30.95
137.542 69.269
211.523 106.898
87.4033 44.3246
51.6918 26.3052
131.809 67.3077
109.466 56.0911
266.799 137.18
319.928 165.063
277.959 143.902
2.66222 1.38297
289.084 150.687
67.3446 35.2236
104.485 54.8352
260.136 136.987
231.651 122.4
151.964 80.5668
334.602 177.996
124.39 66.3938
91.6801 49.0994
221.101 118.809
14.0835 7.59313
193.502 104.676
49.2177 26.7136
266.101 144.911
322.062 175.97
48.2285 26.4389
149.832 82.4102
65.6651 36.2366
228.338 126.422
225.539 125.284
53.2837 29.696
236.535 132.258
16.5707 9.29589
119.389 67.1951
278.646 157.341
208.82 118.298
238.213 135.39
343.137 195.658
345.467 197.627
33.8252 19.4127
180.257 103.786
253.715 146.553
51.048 29.5821
239.472 139.22
43.1908 25.1903
186.432 109.083
142.297 83.526
245.584 144.615
6.8879 4.069
285.612 169.263
291.392 173.239
91.8969 54.8085
46.3392 27.7251
48.8726 29.3337
51.4017 30.9494
154.075 93.0635
237.76 144.064
149.542 90.8965
142.585 86.9405
247.391 151.32
47.7311 29.2872
49.3934 30.4021
14.4649 8.93119
198.083 122.687
256.521 159.377
206.226 128.529
71.226 44.5292
70.3166 44.0974
293.716 184.769
307.835 194.252
109.844 69.5291
285.342 181.174
58.1985 37.0666
26.1239 16.6896
112.822 72.2999
196.84 126.53
179.855 115.967
282.134 182.473
56.208 36.4646
63.7004 41.4518
129.797 84.7213
119.639 78.3294
224.849 147.661
153.659 101.217
252.803 167.032
220.894 146.392
26.6493 17.7148
133.955 89.3149
259.347 173.445
173.567 116.428
180.042 121.136
176.557 119.15
91.9215 62.2208
25.6475 17.4128
321.529 218.952
219.654 150.028
262.343 179.723
154.947 106.468
121.862 83.9854
49.3561 34.1171
254.76 176.628
27.0933 18.8402
88.5828 61.7825
85.2188 59.6134
310.253 217.679
296.864 208.904
216.506 152.808
20.4049 14.4444
110.077 78.1535
313.613 223.32
321.438 229.57
113.001 80.9434
133.191 95.6876
133.869 96.4582
245.584 177.476
17.0035 12.324
175.524 127.594
25.8575 18.8518
233.287 170.581
124.185 91.0716
310.145 228.113
239.813 176.9
140.685 104.081
40.154 29.7935
75.4113 56.1172
192.339 143.547
103.274 77.3007
279.109 209.522
2.3967 1.80439
213.88 161.491
55.8051 42.2586
77.2481 58.6663
37.3897 28.4782
13.5095 10.3195
115.105 88.1802
293.403 225.422
144.167 111.085
37.1899 28.7386
292.456 226.649
221.078 171.827
148.277 115.577
90.6023 70.8253
164.48 128.947
295.582 232.394
40.8335 32.1967
230.612 182.358
260.131 206.291
14.0878 11.2042
147.758 117.85
202.257 161.781
45.2424 36.2922
5.45417 4.38771
186.79 150.697
15.5483 12.5798
152.201 123.495
166.765 135.699
75.9275 61.9598
157.873 129.198
83.4841 68.5157
182.219 149.974
239.08 197.334
244.196 202.131
132.344 109.859
137.571 114.522
218.015 182.004
8.43437 7.06126
255.799 214.763
115.51 97.2549
61.8892 52.2563
16.0264 13.5703
115.101 97.7381
12.1817 10.3734
210.644 179.883
230.9 197.74
47.7937 41.0458
225.801 194.469
43.138 37.2573
238.863 206.883
36.994 32.1317
25.6381 22.3313
228.203 199.33
236.951 207.556
50.3373 44.2171
169.586 149.387
254.066 224.436
89.0752 78.9089
88.2173 78.3691
170.242 151.663
140.946 125.918
33.5166 30.0272
59.5105 53.4649
170.878 153.95
117.238 105.921
233.438 211.498
145.807 132.474
240.239 218.884
177.181 161.885
246.999 226.31
136.964 125.844
88.986 81.9908
241.642 223.271
78.4872 72.7238
191.202 177.659
142.667 132.933
30.6882 28.6746
259.049 242.731
171.988 161.605
162.3 152.93
5.08792 4.80761
235.187 222.852
86.9908 82.6595
14.4792 13.7968
224.852 214.855
162.457 155.669
282.657 271.605
110.895 106.857
29.4841 28.4901
234.118 226.858
54.5058 52.9634
60.8776 59.3205
59.3642 58.0077
134.994 132.278
187.592 184.332
260.701 256.888
187.076 184.856
224.465 222.422
158.894 157.888
270.595 269.634
229.898 229.722
26.8428 26.8973
44.4402 44.655
193.008 194.484
154.752 156.371
12.6436 12.8117
32.9671 33.4988
42.0259 42.8231
118.204 120.784
43.303 44.3717
156.923 161.246
159.483 164.335
91.7968 94.8543
200.689 207.954
18.7223 19.4544
8.30896 8.65802
253.745 265.146
189.859 198.944
62.0445 65.1957
242.995 256.052
40.5541 42.8529
168.84 178.911
157.625 167.495
58.1661 61.9815
130.508 139.458
146.005 156.456
53.8184 57.8323
233.316 251.421
67.9198 73.3955
85.4497 92.5978
220.749 239.887
124.405 135.57
139.068 151.974
81.5607 89.3804
27.5939 30.3245
243.932 268.824
27.5091 30.4015
158.77 175.957
84.9478 94.408
263.797 294
213.376 238.476
225.027 252.204
118.984 133.73
84.2863 94.999
219.329 247.902
52.9264 59.99
30.3845 34.5367
50.1206 57.1307
47.4071 54.1901
189.983 217.779
19.0335 21.8798
57.0086 65.7192
232.247 268.489
52.9059 61.3349
11.0857 12.8883
64.4531 75.1452
48.7485 56.9963
62.2961 73.0424
95.8825 112.741
78.2616 92.2829
176.928 209.218
219.183 259.921
174.412 207.416
149.707 178.541
186.02 222.478
113.346 135.947
105.485 126.878
156.366 188.613
155.465 188.06
237.256 287.817
161.924 196.992
62.1238 75.7934
248.704 304.295
138.354 169.762
193.615 238.248
183.839 226.864
41.4809 51.3355
90.3473 112.131
211.697 263.492
137.551 171.696
237.174 296.898
207.476 260.466
3.73175 4.6983
208.61 263.397
8.05698 10.2022
121.26 153.987
5.55816 7.07862
46.2356 59.0531
27.6918 35.4706
167.082 214.634
112.823 145.351
7.34478 9.48969
91.033 117.958
176.248 229.037
137.577 179.301
235.156 307.361
29.7198 38.9581
78.7041 103.468
174.039 229.465
213.529 282.349
237.82 315.383
24.0384 31.9712
49.1871 65.6097
71.8469 96.1146
201.99 271.005
146.735 197.446
95.8534 129.357
95.6726 129.49
118.03 160.218
143.262 195.039
200.894 274.302
109.101 149.405
78.2849 107.52
152.157 209.593
198.185 273.8
219.456 304.079
154.198 214.287
141.656 197.44
224.58 313.943
97.5535 136.775
48.1016 67.6405
83.2894 117.469
229.172 324.175
222.958 316.321
9.77458 13.9089
37.2991 53.2332
46.3877 66.4017
11.4308 16.4115
57.0395 82.137
169.066 244.183
150.546 218.085
207.503 301.494
46.3954 67.6127
116.317 170.019
145.381 213.139
215.937 317.533
164.426 242.514
129.926 192.206
135.246 200.68
216.391 322.054
174.756 260.876
220.489 330.142
15.5183 23.3063
44.2449 66.6512
149.012 225.156
190.553 288.8
74.1913 112.786
165.616 252.538
8.20844 12.5547
116.311 178.44
186.897 287.608
73.9455 114.141
42.861 66.3621
206.262 320.339
47.5372 74.0555
9.16333 14.319
169.42 265.559
137.386 216.012
90.497 142.728
111.135 175.821
140.745 223.354
157.987 251.494
145.958 233.069
1.05915 1.69653
27.4762 44.1481
162.378 261.72
78.3762 126.721
58.7805 95.3355
148.713 241.951
117.028 190.999
178.79 292.717
176.301 289.55
169.151 278.682
119.065 196.783
206.591 342.52
154.584 257.106
66.3168 110.648
18.4639 30.9045
58.8438 98.8049
127.621 214.972
105.422 178.144
21.8475 37.0363
190.079 323.257
157.264 268.308
188.671 322.923
50.8293 87.2776
188.27 324.314
48.0811 83.0916
113.417 196.636
27.4133 47.6813
46.738 81.5571
152.768 267.443
159.322 279.823
81.4395 143.501
116.689 206.283
152.254 270.035
139.628 248.453
13.6838 24.4286
194.995 349.252
137.127 246.415
144.059 259.723
136.922 247.672
126.924 230.346
51.9887 94.6635
3.84122 7.01748
132.184 242.288
154.775 284.642
88.1473 162.65
148.276 274.515
102.387 190.192
127.652 237.918
19.8052 37.0372
140.626 263.866
152.453 287.024
95.442 180.296
139.519 264.453
135.426 257.567
182.873 348.989
138.409 265.036
12.4651 23.9504
118.33 228.138
20.6635 39.9752
3.66358 7.11183
12.7878 24.9093
40.0807 78.3424
34.0664 66.8168
126.38 248.735
65.0488 128.47
15.7668 31.2475
123.989 246.582
57.3421 114.437
113.471 227.245
16.483 33.1257
138.601 279.524
145.741 294.958
151.514 307.722
38.3215 78.1055
98.825 202.135
172.121 353.303
62.4497 128.643
63.5763 131.431
52.9719 109.9
41.9949 87.4381
151.951 317.514
92.1093 193.163
71.6691 150.839
44.0731 93.0944
100.258 212.54
36.5816 77.8318
133.592 285.268
107.824 231.082
18.5491 39.899
83.6405 180.569
88.8357 192.49
93.5799 203.516
7.91346 17.2736
98.8242 216.513
56.2981 123.8
10.7298 23.6827
30.4445 67.4473
74.6452 165.988
148.827 332.185
135.727 304.084
0.812626 1.82747
113.41 256.004
125.973 285.438
88.1432 200.479
139.618 318.764
155.969 357.454
92.4847 212.769
72.3194 167.015
34.8548 80.8031
103.831 241.636
69.2579 161.8
49.8127 116.823
145.821 343.315
74.0344 174.983
111.462 264.472
127.737 304.275
117.667 281.389
64.981 156.008
143.705 346.372
72.1834 174.673
140.072 340.299
5.31075 12.9536
72.963 178.677
122.445 301.052
53.3151 131.611
77.826 192.891
84.2682 209.702
56.1073 140.189
44.8032 112.4
26.1973 65.9902
123.54 312.464
42.8663 108.865
56.2221 143.37
93.8546 240.323
47.8469 123.023
126.05 325.442
106.162 275.236
18.2869 47.6087
32.8682 85.9283
132.772 348.569
96.8201 255.255
102.824 272.228
132.719 352.866
137.837 368.035
101.333 271.72
132.631 357.169
84.2734 227.919
44.9142 121.995
40.9577 111.729
52.8021 144.665
17.0779 46.993
5.44392 15.0454
28.4702 79.0281
8.1028 22.5908
60.5343 169.516
83.0764 233.671
25.6925 72.5871
63.1469 179.2
113.545 323.661
39.2362 112.346
2.62718 7.55632
48.7345 140.805
0.651514 1.89091
59.3718 173.101
52.9908 155.203
66.2892 195.043
31.7265 93.7786
7.97865 23.6926
83.5871 249.364
121.851 365.208
29.6261 89.2093
107.335 324.72
27.8142 84.5421
22.0946 67.4746
52.0572 159.731
70.9633 218.779
27.9558 86.5995
14.3762 44.7473
62.7367 196.214
10.0061 31.4464
44.3771 140.142
79.9471 253.702
12.5673 40.0757
86.9832 278.743
90.7455 292.235
96.832 313.381
18.5147 60.218
48.2706 157.781
78.6276 258.298
75.3679 248.837
74.4432 247.027
58.8764 196.363
66.8921 224.235
30.4442 102.578
92.0353 311.696
4.79137 16.3108
28.331 96.9451
25.6831 88.3424
90.5701 313.166
77.138 268.124
67.4087 235.544
50.1044 176.007
10.3531 36.5625
47.4436 168.446
69.5985 248.435
98.2404 352.569
0.267071 0.963677
77.06 279.574
101.257 369.373
25.5139 93.5844
98.3925 362.898
87.2118 323.449
85.983 320.673
88.8842 333.354
79.9611 301.58
58.3801 221.433
65.4247 249.567
32.7902 125.797
40.3918 155.851
13.4745 52.2918
37.9709 148.213
14.8093 58.1436
57.685 227.81
84.9517 337.472
26.7035 106.71
59.6268 239.695
26.4053 106.784
84.4969 343.768
38.6856 158.343
77.8728 320.68
29.7968 123.455
48.0521 200.317
79.543 333.649
85.3016 360.033
51.7959 219.984
17.5426 74.9751
68.1661 293.18
33.3155 144.202
71.5979 311.887
58.0416 254.464
67.19 296.482
38.8793 172.677
80.3323 359.125
13.6666 61.4998
49.3649 223.616
53.3365 243.221
21.071 96.7317
44.4094 205.251
70.3861 327.522
63.0401 295.347
35.6686 168.261
73.7513 350.321
55.458 265.265
54.8841 264.363
31.0936 150.828
22.4603 109.725
29.6763 146.015
26.3075 130.372
19.6431 98.0518
24.7728 124.56
50.9408 258.019
73.0819 372.906
23.6778 121.718
44.1718 228.775
61.9201 323.121
53.8084 282.929
30.9722 164.103
46.5747 248.676
37.0915 199.583
33.0044 178.982
41.7528 228.212
2.85752 15.7428
22.6842 125.974
30.2454 169.32
9.77034 55.1411
5.19284 29.5472
55.4652 318.202
51.9545 300.542
10.8138 63.0798
2.17866 12.8161
26.0953 154.816
50.9338 304.773
45.114 272.288
31.6053 192.422
19.1233 117.453
33.4574 207.318
10.74 67.1465
29.5903 186.669
30.571 194.614
31.6833 203.549
40.5443 262.892
12.8385 84.0248
35.3199 233.342
22.9833 153.287
16.8932 113.752
31.577 214.69
43.9608 301.815
43.3965 300.887
8.19939 57.4175
36.2564 256.45
41.9966 300.075
10.2914 74.2906
53.5192 390.348
27.5626 203.139
33.3999 248.768
32.789 246.832
20.4568 155.662
16.3719 125.94
6.5039 50.5836
9.96522 78.369
12.4756 99.2187
19.3691 155.801
47.3298 385.102
35.335 290.862
12.994 108.223
32.8728 277.057
32.3693 276.109
6.55779 56.6215
30.4612 266.263
15.9428 141.102
13.6389 122.241
23.4324 212.713
27.892 256.488
9.60478 89.486
3.79191 35.7997
17.3583 166.095
9.43481 91.5149
7.38488 72.6255
2.89342 28.8553
28.1375 284.613
3.49174 35.8303
25.6215 266.772
27.981 295.679
33.6013 360.437
22.309 242.978
26.6517 294.798
13.7405 154.39
17.8004 203.222
12.8798 149.446
26.6091 313.874
16.8655 202.298
28.0195 341.854
25.133 311.989
14.8341 187.414
12.2469 157.525
8.52539 111.675
13.0024 173.514
17.5268 238.356
8.84869 122.681
9.87662 139.651
1.03731 14.9641
5.08202 74.8276
19.9764 300.336
21.7009 333.294
8.64673 135.725
14.6756 235.543
14.9545 245.545
1.30672 21.9612
13.5724 233.606
5.43431 95.8461
4.41702 79.878
18.2981 339.507
16.1463 307.576
0.918507 17.9765
2.18386 43.9458
11.3842 235.725
16.9571 361.603
12.4071 272.718
10.7046 242.764
15.6123 365.667
3.50717 84.9276
10.5643 264.789
6.73215 174.87
4.26347 114.921
2.96125 82.9472
7.37057 214.874
5.82077 176.904
0.881709 27.9861
7.13215 236.893
6.08381 211.913
0.109204 3.99851
6.65749 256.914
3.08804 125.962
1.94139 83.9776
4.12591 189.955
5.7299 281.942
1.89223 99.9821
3.03194 172.973
0.790323 48.9936
5.25946 356.961
0.213371 15.9986
3.98762 333.976
3.15213 298.983
3.41126 372.984
0.162723 20.9994
0.558968 87.9982
0.411274 82.999
0.113865 31.9998
0.501462 231.999
0.0558196 73
-0.250341 396
-0.0710149 34.9999
-0.90099 262.998
-0.901832 186.998
-0.348288 55.9989
-1.409 184.995
-2.38845 264.989
-1.97785 189.99
-2.60924 220.985
-4.75316 359.969
-0.277398 18.998
-4.94294 308.96
-1.65235 94.9856
-6.61401 351.938
-3.16926 156.968
-0.172663 7.99814
-5.6759 246.935
-5.85019 239.929
-8.01515 310.897
-0.461865 16.9937
-10.2833 359.853
-10.5163 350.842
-6.17737 196.903
-12.1515 370.801
-7.547 220.871
-4.65644 130.917
-4.02659 108.926
-1.15011 29.9779
-3.69515 92.9266
-2.83787 68.9416
-7.01648 164.851
-6.32443 143.861
-16.0415 353.636
-7.94077 169.814
-15.2976 317.632
-12.2762 247.696
-14.5562 285.629
-4.44472 84.8837
-5.2612 97.8587
-11.3466 205.687
-13.4411 237.62
-0.289348 4.99162
-0.0592641 0.998242
-13.5268 222.589
-3.22674 51.8998
-20.3664 320.353
-10.569 162.657
-5.23252 78.8265
-3.58429 52.8787
-4.96956 71.8283
-8.16815 115.712
-1.57978 21.9432
-24.0101 327.12
-16.187 216.395
-1.8237 23.9306
-25.7676 332.002
-23.9469 303.055
-7.05453 87.7168
-29.7684 363.784
-27.1245 325.873
-6.83165 80.7114
-15.8606 184.319
-27.967 319.779
-9.91381 111.56
-5.03482 55.7732
-22.642 246.964
-4.91254 52.7718
-0.564481 5.97339
-8.97424 93.5706
-12.0108 123.417
-28.9841 293.573
-20.3268 202.985
-39.9072 392.979
-7.37428 71.6214
-19.9315 190.963
-5.78595 54.6948
-38.1585 355.961
-23.7549 218.714
-20.1232 182.896
-26.2486 235.542
-15.812 140.111
-2.61118 22.8513
-43.8984 379.469
-32.6817 279.093
-11.6515 98.312
-35.8428 298.858
-2.65025 21.8398
-33.2657 270.966
-2.71125 21.8323
-11.4655 91.2828
-22.0518 173.605
-18.5998 144.81
-20.4763 157.676
-48.6823 370.818
-51.1735 385.619
-19.9404 148.669
-9.40241 69.3657
-53.0604 387.383
-47.9808 346.696
-17.1705 122.805
-41.2571 292.101
-39.2641 275.213
-10.4113 72.2538
-3.74407 25.729
-53.5016 364.09
-24.0697 162.224
-3.55556 23.7352
-14.8034 97.887
-37.5767 246.148
-42.7938 277.722
-47.4845 305.33
-44.0347 280.565
-23.3083 147.166
-25.4076 158.983
-56.9901 353.435
-52.5061 322.757
-36.1143 220.056
-12.9027 77.9392
-35.9054 215.023
-15.2795 90.7223
-51.4098 302.665
-51.326 299.636
-17.7021 102.482
-3.08859 17.733
-55.8675 318.132
-69.0386 389.935
-59.3917 332.741
-20.1883 112.198
-13.3848 73.796
-34.3492 187.886
-51.6456 280.282
-38.5257 207.453
-30.1693 161.201
-55.5997 294.803
-15.1231 79.5757
-25.0142 130.627
-64.7914 335.807
-54.1928 278.782
-42.6664 217.861
-69.8757 354.173
-60.2339 303.072
-6.87055 34.319
-69.7778 346.035
-41.9974 206.778
-72.9488 356.615
-60.9366 295.788
-63.7875 307.453
-64.8304 310.3
-18.1174 86.1148
-47.2521 223.05
-74.0574 347.189
-57.744 268.869
-62.3464 288.336
-81.0421 372.281
-19.6948 89.8672
-75.6187 342.758
-56.5852 254.792
-63.486 283.99
-79.4691 353.169
-45.7243 201.887
-7.55659 33.1496
-24.1503 105.265
-25.8722 112.052
-46.3989 199.68
-6.37551 27.2645
-36.42 154.773
-66.8206 282.197
-47.2821 198.445
-89.057 371.474
-71.989 298.44
-23.3491 96.2072
-14.2324 58.2876
-30.2975 123.333
-11.7561 47.5688
-13.5114 54.3456
-62.1134 248.35
-25.1305 99.8872
-57.6549 227.818
-33.057 129.859
-52.0899 203.437
-93.2756 362.182
-36.8606 142.304
-27.9836 107.415
-4.30875 16.4449
-1.27403 4.83496
-43.8029 165.295
-33.2184 124.65
-45.8177 170.967
-103.562 384.29
-61.2037 225.854
-32.5999 119.638
-75.0469 273.905
-79.679 289.225
-23.7579 85.7704
-47.2188 169.548
-78.4635 280.222
-66.3899 235.833
-19.8796 70.241
-65.1328 228.914
-26.401 92.2984
-43.1111 149.925
-36.1004 124.887
-15.347 52.8154
-17.6638 60.4731
-65.3587 222.603
-13.5868 46.0369
-103.521 348.969
-11.1437 37.374
-61.434 204.992
-19.3237 64.1529
-45.201 149.308
-44.8273 147.331
-101.471 331.832
-63.7455 207.426
-102.692 332.503
-23.4178 75.4494
-118.509 379.947
-25.7221 82.0632
-100.943 320.478
-4.52638 14.3008
-63.3459 199.169
-117.202 366.727
-84.3874 262.783
-35.6214 110.395
-44.411 136.981
-13.009 39.9345
-106.385 325.033
-65.2902 198.54
-56.1559 169.963
-40.956 123.38
-21.1969 63.5586
-3.49466 10.4301
-100.81 299.488
-123.653 365.658
-35.0617 103.207
-0.322989 0.946403
-50.5925 147.568
-35.4939 103.059
-63.7557 184.283
-130.324 375
-114.038 326.667
-39.3782 112.296
-32.8905 93.3767
-49.031 138.582
-64.2933 180.915
-104.551 292.899
-125.884 351.116
-61.324 170.295
-25.1689 69.5883
-95.26 262.234
-97.6826 267.737
-135.903 370.885
-78.3988 213.032
-13.5205 36.5814
-75.5137 203.437
-82.0852 220.198
-131.127 350.259
-74.9579 199.375
-4.23867 11.2265
-85.0869 224.411
-139.131 365.409
-35.7139 93.4051
-110.042 286.6
-7.91444 20.5271
-69.3217 179.049
-72.1082 185.476
-22.1829 56.8236
-119.34 304.445
-105.115 267.058
-0.735109 1.86
-21.7623 54.8398
-136.956 343.719
-119.978 299.891
-105.114 261.677
-74.0601 183.628
-47.6677 117.715
-99.807 245.486
-100.15 245.347
-6.8259 16.6555
-64.6865 157.212
-86.6686 209.804
-101.136 243.86
-132.996 319.418
-53.9938 129.169
-29.7958 71.0015
-50.472 119.802
-141.011 333.407
-28.9206 68.1146
-82.3419 193.183
-28.324 66.1948
-59.9902 139.661
-78.3992 181.817
-150.95 348.732
-94.8476 218.284
-141.529 324.477
-3.60972 8.24439
-4.42595 10.0703
-104.542 236.964
-80.983 182.871
-148.666 334.446
-11.0016 24.6569
-108.317 241.852
-133.666 297.337
-143.129 317.203
-36.7182 81.0726
-60.4201 132.911
-61.0208 133.737
-86.1902 188.203
-73.0883 159.007
-147.458 319.625
-90.3395 195.099
-120.535 259.359
-5.07261 10.8751
-44.9422 96.001
-50.6045 107.704
-45.6367 96.7796
-157.421 332.63
-66.0716 139.106
-114.029 239.212
-148.888 311.219
-79.6385 165.873
-47.7484 99.0964
-126.247 261.078
-38.4201 79.1701
-3.06494 6.29334
-27.6635 56.6015
-141.355 288.201
-148.381 301.461
-43.4007 87.8657
-148.335 299.254
-20.0415 40.2907
-151.403 303.312
-56.8791 113.551
-110.932 220.688
-113.041 224.104
-37.9352 74.9461
-1.81142 3.56634
-63.12 123.842
-35.9722 70.3349
-37.4402 72.9536
-145.59 282.715
-100.078 193.671
-23.9362 46.1634
-60.4632 116.212
-145.779 279.237
-116.007 221.455
-81.8866 155.79
-16.794 31.8427
-41.1608 77.7804
-4.22073 7.94893
-97.8023 183.572
-27.3433 51.1502
-88.8614 165.673
-7.58236 14.0893
-43.7117 80.9524
-63.8317 117.82
-61.1307 112.459
-30.6438 56.1868
-120.969 221.067
-186.248 339.235
-145.71 264.523
-12.5764 22.756
-106.2 191.527
-60.7689 109.234
-5.84845 10.4783
-40.0644 71.5461
-97.4719 173.494
-80.0372 141.997
-130.936 231.542
-178.138 313.987
-14.8402 26.0724
-175.544 307.409
-63.1315 110.197
-33.8851 58.9559
-90.4132 156.801
-147.215 254.487
-124.983 215.361
-148.931 255.804
-10.0871 17.27
-20.7279 35.3745
-118.583 201.728
-69.0835 117.147
-144.604 244.429
-25.5186 42.9977
-190.305 319.637
-150.755 252.406
-51.397 85.7808
-144.247 239.985
-25.8182 42.8184
-113.346 187.387
-109.976 181.244
-85.7915 140.943
-134.976 221.049
-134.762 220.007
-166.48 270.94
-204.638 331.999
-130.95 211.786
-129.137 208.203
-33.8097 54.3407
-31.2382 50.0517
-15.9194 25.4278
-3.19098 5.08111
-181.757 288.523
-98.8257 156.392
-169.178 266.899
-173.306 272.569
-167.772 263.052
-189.157 295.67
-156.624 244.067
-97.4266 151.354
-199.615 309.156
-210.376 324.825
-119.306 183.649
-208.552 320.047
-106.141 162.389
-95.402 145.514
-146.704 223.085
-120.035 181.977
-51.3162 77.5606
-59.7187 89.9871
-94.7536 142.347
-104.947 157.185
-55.6438 83.0889
-122.672 182.624
-94.9887 140.986
-171.334 253.536
-199.741 294.685
-181.599 267.115
-32.6761 47.9194
-123.069 179.939
-68.4482 99.779
-140.576 204.309
-2.83995 4.11518
-81.9559 118.403
-1.71086 2.46434
-197.144 283.124
-210.709 301.705
-18.3592 26.2096
-141.417 201.289
-165.891 235.424
-36.3605 51.4482
-5.20462 7.34248
-195.268 274.662
-134.111 188.083
-115.177 161.053
-212.154 295.782
-81.1725 112.836
-9.36173 12.9753
-11.1386 15.3926
-51.1013 70.4106
-43.5491 59.8287
-10.0237 13.7305
-191.996 262.226
-107.723 146.696
-204.588 277.793
-35.648 48.262
-233.34 314.986
-232.587 313.054
-224.66 301.503
-229.869 307.597
-124.145 165.641
-223.518 297.362
-215.505 285.87
-186.956 247.28
-17.5217 23.1082
-134.984 177.506
-184.352 241.724
-88.6997 115.967
-226.414 295.162
-214.022 278.201
-144.773 187.643
-119.944 155.014
-48.4321 62.4126
-60.1884 77.3392
-230.726 295.619
-191.691 244.899
-159.307 202.942
-175.055 222.362
-39.0388 49.4466
-193.677 244.608
-56.5887 71.2651
-138.294 173.663
-138.537 173.469
-50.6356 63.2221
-120.861 150.472
-243.396 302.163
-168.41 208.476
-95.0518 117.329
-233.94 287.946
-180.652 221.723
-232.213 284.194
-67.818 82.763
-177.135 215.555
-250.573 304.055
-136.966 165.727
-236.106 284.875
-232.669 279.931
-151.105 181.283
-33.9913 40.6643
-247.973 295.813
-170.524 202.846
-237.196 281.357
-191.104 226.042
-181.72 214.334
-233.191 274.266
-36.9826 43.3738
-74.7361 87.4043
-50.7734 59.212
-163.652 190.313
-255.346 296.107
-0.654116 0.756394
-83.2068 95.946
-209.992 241.461
-205.729 235.891
-82.2915 94.091
-103.523 118.034
-243.039 276.326
-210.351 238.488
-182.858 206.734
-55.7401 62.8414
-103.68 116.561
-176.4 197.758
-26.6681 29.813
-230.371 256.815
-100.317 111.519
-232.427 257.656
-16.1005 17.7981
-73.2361 80.7308
-121.799 133.888
-172.533 189.125
-34.4244 37.6292
-65.5738 71.4778
-121.191 131.733
-105.102 113.924
-190.148 205.533
-163.23 175.943
-264.286 284.072
-156.217 167.443
-43.0411 46.0051
-17.1053 18.2321
-10.2784 10.9249
-273.812 290.221
-77.6605 82.0844
-35.7903 37.7234
-260.551 273.856
-122.873 128.787
-29.035 30.3475
-216.003 225.137
-1.38665 1.44125
-61.7954 64.0494
-79.9635 82.6488
-66.8485 68.9005
-41.1431 42.2877
-100.561 103.07
-16.7842 17.1549
-130.263 132.769
-63.1201 64.155
-46.3537 46.9823
-205.37 207.574
-264.118 266.208
-66.2987 66.6369
-227.427 227.949
-179.65 179.56
-159.361 158.837
-131.922 131.121
-201.708 199.925
-71.8334 70.9997
-15.6685 15.4434
-211.815 208.19
-277.809 272.293
-273.898 267.71
-249.208 242.898
-97.5241 94.7895
-229.78 222.713
-208.52 201.543
-30.9601 29.8407
-131.217 126.12
-88.7985 85.1107
-40.4827 38.6931
-86.1404 82.1025
-117.423 111.606
-10.1611 9.63077
-153.345 144.935
-278.714 262.693
-136.261 128.07
-199.918 187.374
-40.1819 37.5555
-140.454 130.907
-196.306 182.45
-207.562 192.372
-178.455 164.932
-246.336 227.032
-266.533 244.958
-290.465 266.206
-253.191 231.395
-294.164 268.088
-167.991 152.67
-184.505 167.209
-7.41923 6.70485
-69.0859 62.2587
-37.1897 33.4205
-237.568 212.891
-161.808 144.593
-287.436 256.136
-131.563 116.907
-217.797 192.991
-2.24811 1.98646
-194.326 171.226
-280.955 246.861
-104.547 91.602
-106.934 93.4297
-36.9448 32.1882
-299.692 260.372
-256.219 221.975
-66.5915 57.5289
-286.385 246.713
-119.091 102.305
-135.183 115.8
-300.343 256.552
-198.691 169.242
-15.2435 12.9475
-272.418 230.732
-283.436 239.384
-260.824 219.663
-145.498 122.19
-305.137 255.53
-28.4002 23.7156
-57.635 47.9917
-93.0925 77.2967
-113.227 93.7478
-71.7162 59.2097
-86.4674 71.1856
-51.0125 41.8775
-68.0946 55.7416
-190.573 155.557
-180.708 147.084
-291.945 236.947
-252.632 204.455
-298.054 240.527
-284.366 228.826
-266.746 214.034
-39.0416 31.237
-132.108 105.397
-11.7386 9.33835
-104.981 83.276
-257.254 203.481
-274.812 216.745
-23.5812 18.5452
-82.6249 64.793
-161.492 126.275
-277.596 216.436
-189.476 147.306
-228.408 177.062
-106.02 81.9497
-19.8012 15.2615
-160.959 123.699
-296.862 227.483
-264.601 202.176
-125.68 95.7519
-69.2774 52.6274
-109.208 82.7206
-122.889 92.8136
-230.06 173.252
-92.7605 69.6527
-217.735 163.02
-281.268 209.974
-147.599 109.866
-198.341 147.206
-245.169 181.431
-34.6005 25.5304
-8.86041 6.51867
-35.478 26.0252
-287.343 210.166
-77.5649 56.5657
-68.7472 49.9882
-159.493 115.632
-184.778 133.57
-160.627 115.771
-319.141 229.343
-288.572 206.764
-105.78 75.5687
-277.745 197.835
-288.62 204.974
-10.6096 7.51248
-234.458 165.525
-214.245 150.807
-257.02 180.38
-100.778 70.5176
-156.646 109.284
-59.1073 41.1137
-148.733 103.148
-4.93516 3.41236
-304.628 210.004
-53.5673 36.8178
-92.389 63.3109
-290.643 198.571
-154.551 105.275
-135.671 92.1375
-273.256 185.017
-128.469 86.7226
-207.403 139.586
-72.2439 48.4749
-78.9609 52.8221
-241.263 160.91
-158.216 105.203
-282.553 187.309
-156.007 103.106
-334.012 220.082
-198.084 130.122
-271.047 177.51
-184.212 120.274
-87.9996 57.2806
-250.817 162.763
-256.921 166.215
-160.511 103.525
-298.6 191.998
-58.9317 37.7764
-78.365 50.0793
-213.376 135.939
-317.395 201.585
-269.518 170.649
-11.8388 7.47279
-194.666 122.495
-0.847117 0.531406
-50.8715 31.8133
-214.695 133.846
-176.662 109.793
-77.3567 47.9265
-32.3307 19.9681
-31.507 19.3986
-20.4545 12.5543
-141.598 86.6365
-68.2985 41.6572
-139.277 84.6821
-200.968 121.807
-212.264 128.249
-215.87 130.016
-0.857347 0.51474
-152.736 91.4104
-108.206 64.5552
-282.774 168.166
-245.16 145.333
-161.853 95.643
-236.087 139.065
-122.452 71.8992
-190.733 111.633
-259.125 151.176
-66.5629 38.709
-340.871 197.593
-289.195 167.099
-221.837 127.766
-113.609 65.2218
-189.211 108.273
-6.08045 3.46816
-295.571 168.041
-304.506 172.558
-1.74141 0.983615
-200.42 112.836
-44.4758 24.958
-152.733 85.427
-53.2797 29.703
-169.579 94.2286
-149.59 82.8483
-14.0075 7.73233
-258.463 142.204
-272.69 149.536
-341.343 186.563
-56.2021 30.6158
-290.891 157.935
-41.3361 22.3681
-12.3222 6.64562
-308.286 165.71
-20.274 10.8612
-174.663 93.257
-133.302 70.9341
-87.4614 46.3843
-214.837 113.552
-45.1224 23.769
-341.766 179.421
-124.047 64.9019
-306.798 159.972
-55.0153 28.5887
-68.375 35.4099
-270.143 139.423
-352.15 181.125
-110.348 56.5617
-170.984 87.3407
-330.627 168.306
-63.3185 32.1211
-354.299 179.112
-267.028 134.525
-51.8345 26.0228
-356.835 178.521
-189.729 94.5881
-197.921 98.3273
-12.5467 6.21136
-26.9043 13.2725
-103.204 50.7338
-288.272 141.211
-267.799 130.719
-227.515 110.662
-311.358 150.905
-322.374 155.689
-117.142 56.3714
-36.0679 17.2947
-181.362 86.6526
-349.423 166.351
-166.244 78.8596
-281.175 132.897
-120.324 56.6659
-329.525 154.625
-77.9058 36.4236
-55.2948 25.7581
-357.382 165.873
-341.276 157.819
-10.8988 5.02155
-228.113 104.715
-120.041 54.9019
-119.207 54.3195
-258.599 117.4
-345.32 156.189
-240.691 108.461
-282.808 126.964
-165.226 73.9
-352.581 157.107
-131.615 58.4259
-182.911 80.8917
-189.43 83.4583
-324.152 142.273
-85.2106 37.2579
-6.41761 2.79539
-141.273 61.3014
-23.8658 10.3163
-161.65 69.6074
-268.354 115.11
-91.0373 38.9
-249.352 106.136
-126.131 53.4792
-303.998 128.394
-171.445 72.1281
-118.053 49.4717
-275.003 114.792
-105.264 43.7668
-365.865 151.521
-358.681 147.959
-290.44 119.335
-45.3494 18.559
-335.221 136.641
-163.073 66.2054
-114.03 46.1093
-351.56 141.586
-324.842 130.298
-41.7888 16.6943
-319.63 127.172
-348.627 138.146
-293.008 115.633
-133.09 52.308
-317.542 124.291
-333.554 130.022
-186.444 72.3774
-289.145 111.781
-326.63 125.748
-225.029 86.2725
-146.674 55.9976
-45.8016 17.413
-75.753 28.679
-0.935716 0.352755
-270.564 101.568
-288.503 107.843
-56.2311 20.9298
-46.8836 17.3761
-133.218 49.162
-100.434 36.9043
-223.511 81.7741
-89.2619 32.5163
-25.3821 9.20602
-357.41 129.067
-249.372 89.6591
-220.31 78.863
-194.045 69.1554
-294.04 104.33
-219.696 77.6061
-294.33 103.508
-172.72 60.4701
-103.872 36.2031
-361.838 125.547
-108.698 37.5452
-176.838 60.8048
-227.067 77.7211
-100.336 34.1867
-5.68208 1.92716
-87.1664 29.4281
-257.831 86.6447
-293.989 98.3389
-298.87 99.5077
-261.039 86.5072
-375.121 123.732
-274.581 90.1445
-229.081 74.8525
-321.43 104.531
-129.391 41.8791
-197.982 63.7739
-274.252 87.9193
-219.119 69.9074
-76.2491 24.2091
-154.473 48.8077
-122.106 38.3936
-364.57 114.072
-211.008 65.6998
-46.805 14.5016
-129.008 39.7731
-139.58 42.8189
-274.497 83.7881
-22.9642 6.9746
-301.533 91.1205
-173.335 52.1161
-356.395 106.614
-276.992 82.4395
-308.749 91.4218
-336.695 99.1852
-238.95 70.0285
-52.8016 15.3944
-368.801 106.966
-158.533 45.7405
-247.988 71.1752
-339.437 96.909
-383.822 109.001
-46.1924 13.0484
-204.097 57.3456
-220.549 61.636
-52.0275 14.4616
-194.697 53.8252
-65.5667 18.0278
-135.042 36.9275
-142.813 38.8382
-318.555 86.1537
-10.6225 2.85696
-287.881 76.9955
-192.315 51.1479
-118.912 31.4479
-264.024 69.4304
-240.901 62.9902
-127.753 33.214
-77.4541 20.0215
-153.027 39.3288
-103.669 26.4892
-109.521 27.8217
-24.239 6.12139
-79.5319 19.9671
-328.911 82.0874
-145.587 36.1186
-165.055 40.7038
-168.997 41.4256
-313.82 76.4609
-189.522 45.8959
-333.477 80.264
-81.6951 19.5424
-347.32 82.5701
-351.328 83.0046
-34.0735 7.99995
-86.6723 20.2217
-113.977 26.4244
-381.02 87.775
-342.151 78.3176
-24.3775 5.54413
-273.114 61.7129
-355.161 79.7307
-131.763 29.3864
-286.063 63.3799
-347.679 76.5221
-222.739 48.6975
-187.627 40.7464
-12.7077 2.74112
-135.916 29.1191
-340.38 72.4271
-4.89196 1.03379
-201.608 42.3104
-160.55 33.4598
-322.173 66.6737
-263.494 54.1463
-286.105 58.3764
-162.695 32.9593
-329.403 66.2528
-78.4513 15.6649
-124.576 24.6941
-70.6453 13.9011
-17.6662 3.45061
-167.874 32.5463
-67.757 13.0381
-330.035 63.0289
-123.796 23.4629
-298.762 56.1917
-98.3026 18.3468
-58.0136 10.7436
-203.592 37.4093
-294.152 53.6248
-254.865 46.095
-351.389 63.0456
-239.24 42.5792
-88.6295 15.6463
-354.605 62.09
-33.4986 5.81727
-48.2891 8.31626
-330.219 56.3949
-42.3964 7.17953
-35.503 5.96118
-263.376 43.8443
-302.903 49.9897
-300.998 49.2436
-137.208 22.2505
-69.1129 11.1088
-270.588 43.105
-75.0703 11.8513
-1.97597 0.309116
-186.77 28.9506
-290.593 44.6284
-101.828 15.4929
-119.649 18.0333
-178.027 26.5777
-100.903 14.9198
-16.8206 2.46314
-239.495 34.729
-84.1371 12.0807
-276.223 39.2673
-261.424 36.791
-314.958 43.8766
-127.791 17.6205
-369.575 50.433
-355.771 48.0432
-32.7093 4.37054
-389.61 51.505
-233.016 30.4727
-4.95869 0.64143
-301.542 38.5778
-259.928 32.8849
-318.517 39.8454
-213.374 26.3897
-368.258 45.0232
-73.4655 8.87776
-80.4285 9.60522
-10.9242 1.28915
-316.854 36.9429
-107.291 12.3575
-295.097 33.5709
-74.5311 8.37339
-219.653 24.3668
-353.884 38.7572
-267.442 28.9121
-368.906 39.3598
-124.313 13.0878
-350.116 36.3661
-211.891 21.7097
-375.09 37.9012
-221.901 22.1091
-139.329 13.6855
-129.395 12.5273
-32.8508 3.13412
-61.7279 5.80212
-38.8339 3.59548
-352.538 32.1435
-150.395 13.5009
-323.739 28.606
-326.767 28.4136
-350.719 30.0028
-326.845 27.5007
-256.125 21.19
-330.907 26.9117
-374.805 29.9548
-35.8895 2.81788
-311.077 23.9872
-139.601 10.5685
-140.612 10.4476
-244.352 17.8123
-8.97709 0.64179
-33.9168 2.37717
-7.9812 0.548185
-128.709 8.65971
-255.446 16.8284
-316.343 20.3964
-244.514 15.4223
-327.378 20.1897
-294.466 17.7471
-262.546 15.4553
-54.9094 3.15539
-251.605 14.106
-60.9091 3.32947
-121.827 6.48878
-273.632 14.191
-90.8844 4.58611
-335.596 16.4646
-83.9048 3.99895
-133.857 6.19231
-56.9427 2.5545
-379.642 16.4998
-237.79 10.0019
-48.9595 1.99083
-221.829 8.70984
-335.759 12.7135
-30.9794 1.1297
-169.896 5.95781
-231.869 7.80678
-377.803 12.192
-368.824 11.3865
-192.916 5.68608
-198.922 5.58499
-71.9744 1.92017
-281.91 7.12689
-7.99772 0.19101
-116.97 2.63014
-325.928 6.87315
-129.975 2.55928
-53.991 0.98767
-295.958 5.0005
-109.987 1.70466
-224.978 3.17256
-112.991 1.4355
-291.981 3.3016
-313.985 3.11177
-227.992 1.94104
-72.9982 0.519508
-234.996 1.34414
-379.996 1.64272
-263.999 0.772497
-55.9999 0.085641
-227 0.0300727
-147 -0.185859
-57.9998 -0.154348
-352.997 -1.43247
-336.995 -1.83827
-295.993 -2.02807
-331.989 -2.73846
-284.987 -2.74887
-78.9952 -0.87231
-107.992 -1.34337
-112.989 -1.56339
-258.97 -3.94509
-321.955 -5.35443
-373.939 -6.74145
-177.966 -3.45709
-353.923 -7.36971
-273.932 -6.08688
-334.907 -7.9098
-307.904 -7.70239
-245.914 -6.49542
-304.882 -8.47914
-122.948 -3.59119
-317.851 -9.72854
-36.9811 -1.18359
-360.799 -12.052
-304.815 -10.6082
-36.9758 -1.33855
-235.833 -8.86722
-356.729 -13.9118
-198.838 -8.03253
-180.842 -7.55858
-328.693 -14.1982
-384.618 -17.1522
-165.825 -7.62713
-241.729 -11.4567
-68.918 -3.36286
-288.637 -14.4882
-100.866 -5.20425
-381.465 -20.2163
-303.551 -16.5124
-133.792 -7.46536
-40.9331 -2.34136
-182.687 -10.7056
-122.779 -7.3671
-196.63 -12.074
-34.9312 -2.19392
-339.301 -21.7864
-165.644 -10.8683
-380.147 -25.4756
-171.599 -11.7405
-315.233 -22.0101
-317.196 -22.5925
-112.703 -8.1856
-308.157 -22.8141
-72.7932 -5.49142
-67.8001 -5.21001
-312.046 -24.4173
-322.977 -25.7265
-384.738 -31.187
-93.682 -7.72562
-345.786 -29.0021
-201.269 -17.1642
-242.092 -20.9862
-49.8071 -4.38772
-161.355 -14.4416
-0.995893 -0.090537
-278.814 -25.7398
-186.184 -17.4506
-8.95954 -0.852385
-277.709 -26.8119
-79.6189 -7.79922
-143.294 -14.2388
-67.6573 -6.81837
-66.6529 -6.81121
-195.951 -20.3007
-50.7211 -5.32637
-336.102 -35.7698
-50.706 -5.46805
-270.391 -29.5406
-256.435 -28.3784
-276.27 -30.9642
-233.501 -26.5009
-253.333 -29.1102
-373.482 -43.4451
-49.657 -5.84664
-223.419 -26.622
-244.231 -29.4479
-320.623 -39.1132
-343.395 -42.378
-390.966 -48.8032
-19.8425 -2.50504
-294.609 -37.6114
-351.087 -45.3202
-113.041 -14.7526
-68.4073 -9.02474
-228.973 -30.5331
-378.577 -51.0208
-139.71 -19.0275
-315.031 -43.3531
-244.647 -34.0154
-116.853 -16.4135
-284.154 -40.318
-154.422 -22.1307
-208.824 -30.2249
-338.404 -49.4629
-159.275 -23.5077
-201.772 -30.068
-389.615 -58.6167
-259.03 -39.3405
-275.778 -42.2784
-255.954 -39.6052
-176.856 -27.619
-85.9393 -13.5438
-58.2678 -9.26629
-374.213 -60.0469
-269.491 -43.6293
-363.188 -59.319
-253.581 -41.7808
-289.035 -48.0372
-346.17 -58.0298
-60.1464 -10.169
-286.86 -48.9118
-295.661 -50.8376
-334.017 -57.9131
-161.55 -28.2426
-384.079 -67.6989
-200.853 -35.6923
-67.9188 -12.1673
-123.994 -22.3917
-177.09 -32.2356
-215.404 -39.5209
-283.199 -52.3683
-130.749 -24.3666
-15.7251 -2.95329
-288.872 -54.6703
-92.336 -17.6086
-215.066 -41.3248
-246.424 -47.7074
-269.914 -52.6461
-278.671 -54.7584
-352.167 -69.7112
-92.1852 -18.3819
-368.638 -74.0424
-49.0072 -9.91453
-130.322 -26.5547
-91.1014 -18.6956
-295.75 -61.1236
-36.2237 -7.53926
-258.386 -54.1546
-231.892 -48.94
-236.714 -50.3032
-377.456 -80.763
-152.501 -32.853
-248.229 -53.8383
-390.792 -85.3306
-359.419 -79.0063
-33.197 -7.34587
-151.292 -33.6999
-377.624 -84.6686
-21.4603 -4.84318
-290.597 -66.0091
-5.84909 -1.33721
-80.8865 -18.6111
-241.607 -55.9467
-204.52 -47.6599
-346.597 -81.2791
-155.723 -36.7475
-81.7275 -19.4066
-171.182 -40.9006
-96.2574 -23.1411
-371.292 -89.8106
-38.8656 -9.45855
-27.1967 -6.65898
-41.752 -10.2846
-145.596 -36.08
-188.239 -46.9264
-107.666 -27.0001
-158.049 -39.8696
-108.56 -27.5467
-346.88 -88.5357
-183.064 -46.9967
-112.316 -29.0014
-309.726 -80.4366
-156.742 -40.94
-134.439 -35.3154
-88.9484 -23.4985
-279.311 -74.2061
-34.7801 -9.29225
-181.561 -48.7799
-154.462 -41.7306
-359.954 -97.7873
-218.012 -59.5537
-75.2144 -20.659
-63.6185 -17.5696
-129.115 -35.852
-261.019 -72.8713
-150.196 -42.1579
-6.7369 -1.90111
-134.685 -38.2104
-16.3481 -4.66268
-225.898 -64.7702
-270.969 -78.1029
-113.338 -32.8397
-155.537 -45.3023
-210.177 -61.5356
-173.637 -51.1008
-13.4249 -3.9713
-358.489 -106.591
-287.438 -85.9027
-219.319 -65.8788
-262.307 -79.1909
-124.399 -37.7461
-244.867 -74.673
-249.543 -76.4801
-222.677 -68.5864
-21.9715 -6.80103
-187.154 -58.2181
-173.71 -54.3023
-104.944 -32.9667
-38.1446 -12.0412
-91.5066 -29.0267
-125.766 -40.0874
-131.424 -42.0932
-219.893 -70.7676
-97.0519 -31.3836
-15.2169 -4.94418
-118.828 -38.7924
-126.375 -41.4517
-22.7941 -7.51185
-141.448 -46.8337
-298.896 -99.4285
-20.8656 -6.97336
-376.353 -126.363
-1.89509 -0.639239
-177.107 -60.0163
-48.2791 -16.4355
-208.164 -71.1892
-60.5277 -20.7942
-315.727 -108.961
-294.788 -102.195
-91.6044 -31.9003
-168.961 -59.1036
-352.851 -123.983
-276.296 -97.5173
-24.5056 -8.68765
-354.213 -126.132
-113.932 -40.7494
-59.2902 -21.2995
-219.17 -79.0805
-326.238 -118.228
-2.81907 -1.02608
-76.0761 -27.8105
-149.258 -54.7996
-152.934 -56.3919
-56.2659 -20.8364
-235.257 -87.4941
-173.306 -64.7298
-155.426 -58.2991
-329.405 -124.082
-37.4126 -14.1525
-81.3294 -30.8954
-120.528 -45.9788
-274.545 -105.173
-47.5995 -18.3107
-333.017 -128.64
-209.772 -81.369
-51.2496 -19.9618
-94.993 -37.1528
-331.363 -130.134
-57.6775 -22.7443
-298.456 -118.174
-275.989 -109.724
-268.405 -107.143
-50.1238 -20.0899
-234.708 -94.4529
-256.828 -103.772
-51.8925 -21.0516
-92.6125 -37.7216
-327.662 -133.992
-277.52 -113.94
-204.323 -84.2216
-76.6923 -31.7379
-174.536 -72.5145
-356.252 -148.596
-261.037 -109.31
-82.0449 -34.4912
-183.341 -77.3768
-177.708 -75.2922
-347.843 -147.949
-198.649 -84.8201
-203.126 -87.0674
-315.07 -135.572
-302.028 -130.46
-103.673 -44.9534
-234.728 -102.169
-304.228 -132.926
-240.853 -105.636
-87.8618 -38.682
-139.944 -61.845
-158.139 -70.1503
-116.932 -52.0665
-192.635 -86.0975
-309.301 -138.76
-289.046 -130.158
-26.4261 -11.9442
-30.9627 -14.0468
-13.6513 -6.21617
-298.319 -136.344
-229.959 -105.489
-20.8919 -9.6191
-58.0966 -26.8474
-319.325 -148.107
-66.1807 -30.8078
-180.293 -84.2347
-224.54 -105.29
-27.1442 -12.7746
-47.019 -22.2083
-215.964 -102.375
-167.058 -79.4774
-314.04 -149.942
-286.776 -137.417
-136.082 -65.4415
-190.927 -92.145
-155.699 -75.4113
-220.349 -107.104
-176.159 -85.9296
-260.466 -127.505
-12.5656 -6.17296
-296.883 -146.361
-115.624 -57.2026
-94.9429 -47.1364
-12.5309 -6.24307
-94.8109 -47.4014
-157.312 -78.924
-298.325 -150.193
-29.4545 -14.8806
-113.275 -57.4261
-251.346 -127.864
-175.461 -89.5687
-119.264 -61.0916
-37.3544 -19.2003
-87.9863 -45.3808
-261.104 -135.132
-78.9845 -41.0177
-146.326 -76.2485
-7.97558 -4.17015
-228.466 -119.864
-150.429 -79.1901
-38.0217 -20.0836
-204.989 -108.644
-78.5797 -41.788
-302.615 -161.471
-145.464 -77.8788
-276.616 -148.592
-296.654 -159.891
-172.405 -93.2339
-133.601 -72.4905
-74.6542 -40.6418
-109.702 -59.9206
-131.542 -72.0886
-23.6594 -13.009
-340.608 -187.902
-237.104 -131.235
-180.095 -100.009
-214.898 -119.729
-145.772 -81.4831
-10.4665 -5.8697
-316.362 -178.001
-105.371 -59.4808
-184.471 -104.472
-241.709 -137.334
-47.7822 -27.2372
-290.805 -166.306
-215.11 -123.416
-58.0678 -33.4235
-210.435 -121.516
-233.627 -135.345
-106.344 -61.8057
-37.147 -21.6588
-263.27 -153.994
-62.098 -36.4395
-286.968 -168.934
-24.9706 -14.7468
-97.2189 -57.5976
-47.2797 -28.1003
-19.7551 -11.7786
-158.767 -94.9631
-167.209 -100.33
-220.188 -132.537
-19.689 -11.8888
-34.2128 -20.724
-40.166 -24.4069
-28.1777 -17.1761
-46.0696 -28.1708
-245.494 -150.587
-332.155 -204.384
-285.918 -176.484
-95.2238 -58.9612
-231.058 -143.514
-252.075 -157.057
-175.536 -109.709
-79.6423 -49.9311
-16.9303 -10.6473
-123.483 -77.8978
-164.78 -104.272
-32.0825 -20.3645
-174.61 -111.177
-61.5227 -39.2932
-17.6825 -11.3282
-294.444 -189.216
-223.577 -144.116
-141.079 -91.218
-73.8317 -47.884
-36.0441 -23.4482
-166.657 -108.749
-6.69367 -4.38118
-255.799 -167.938
-324.883 -213.943
-278.692 -184.084
-96.7018 -64.0684
-234.035 -155.527
-255.452 -170.275
-236.925 -158.404
-33.2215 -22.2785
-100.401 -67.5328
-312.525 -210.849
-84.476 -57.1647
-33.9239 -23.0254
-100.022 -68.0927
-279.134 -190.6
-268.142 -183.644
-182.162 -125.132
-326.918 -225.242
-314.263 -217.171
-325.465 -225.585
-272.6 -189.507
-92.6925 -64.6306
-39.3354 -27.5087
-27.0166 -18.95
-159.487 -112.2
-93.9641 -66.3005
-231.821 -164.057
-117.427 -83.3481
-35.0302 -24.9376
-128.587 -91.811
-260.983 -186.892
-232.294 -166.839
-267.763 -192.881
-18.6435 -13.4693
-303.662 -220.032
-253.2 -184.007
-296.582 -216.167
-245.419 -179.403
-257.266 -188.614
-269.087 -197.859
-107.846 -79.5314
-184.918 -136.768
-61.8433 -45.8738
-263.965 -196.375
-70.5313 -52.6245
-58.4479 -43.7361
-126.371 -94.8383
-210.93 -158.759
-308.081 -232.555
-35.081 -26.5579
-181.591 -137.872
-255.39 -194.466
-21.4585 -16.387
-181.012 -138.632
-185.576 -142.539
-63.3767 -48.82
-248.486 -191.966
-296.438 -229.673
-242.421 -188.364
-300.528 -234.188
-100.067 -78.2025
-200.702 -157.301
-143.089 -112.47
-215.183 -169.623
-102.766 -81.241
-107.354 -85.112
-228.56 -181.726
-308.838 -246.26
-147.609 -118.037
-83.4734 -66.9418
-210.398 -169.212
-148.669 -119.91
-23.3249 -18.8666
-26.405 -21.4191
-276.162 -224.656
-147.997 -120.739
-284.821 -233.026
-269.034 -220.737
-199.999 -164.564
-269.187 -222.124
-41.6027 -34.427
-183.148 -151.99
-290.545 -241.801
-278.69 -232.596
-250.759 -209.879
-22.9785 -19.287
-293.779 -247.285
-279.679 -236.084
-173.257 -146.666
-230.991 -196.093
-281.733 -239.847
-292.806 -249.98
-25.0677 -21.4619
-280.725 -241.025
-194.756 -167.687
-75.6894 -65.3537
-111.129 -96.2253
-152.523 -132.441
-232.278 -202.265
-105.452 -92.0858
-105.324 -92.2331
-143.516 -126.033
-102.814 -90.5442
-35.9781 -31.7738
-77.1077 -68.2891
-245.243 -217.807
-272.569 -242.758
-146.183 -130.562
-54.3779 -48.7036
-165.905 -149.011
-116.657 -105.072
-113.541 -102.554
-37.0582 -33.5662
-182.836 -166.073
-91.6714 -83.5007
-74.5727 -68.1169
-42.0319 -38.5009
-192.215 -176.562
-112.533 -103.659
-239.468 -221.204
-187.072 -173.289
-233.72 -217.108
-74.6349 -69.5244
-239.69 -223.904
-134.285 -125.792
-197.519 -185.546
-179.062 -168.68
-57.4279 -54.2497
-43.5586 -41.2632
-280.581 -266.54
-42.7191 -40.695
-248.742 -237.62
-22.3858 -21.4447
-268.991 -258.404
-275.111 -265.024
-56.8182 -54.888
-107.737 -104.368
-87.5073 -85.0086
-79.5092 -77.455
-137.342 -134.168
-78.5782 -76.9771
-126.98 -124.74
-69.8142 -68.7749
-174.295 -172.181
-112.958 -111.9
-94.3558 -93.7335
-71.5542 -71.2811
-22.6391 -22.6158
-166.023 -166.317
-182.723 -183.558
-226.145 -227.814
-69.6476 -70.3578
-243.774 -246.948
-177.485 -180.3
-215.762 -219.797
-117.521 -120.053
-188.603 -193.207
-15.3457 -15.7642
-261.895 -269.791
-77.2033 -79.7537
-260.445 -269.802
-215.683 -224.057
-54.0157 -56.27
-197.769 -206.6
-82.8589 -86.801
-70.3269 -73.8791
-187.263 -197.273
-159.489 -168.485
-249.177 -263.969
-76.0818 -80.8242
-211.481 -225.293
-152.395 -162.803
-136.473 -146.202
-134.225 -144.197
-114.294 -123.13
-99.8564 -107.878
-47.4789 -51.4369
-110.391 -119.929
-2.70486 -2.94682
-141.789 -154.906
-125.393 -137.378
-255.786 -281.022
-100.141 -110.33
-181.855 -200.922
-219.095 -242.747
-216.749 -240.823
-181.68 -202.427
-25.3422 -28.3156
-182.445 -204.426
-85.0963 -95.617
-132.09 -148.839
-106.036 -119.818
-217.692 -246.68
-227.257 -258.245
-31.6599 -36.0784
-29.6339 -33.8649
-253.787 -290.84
-38.7291 -44.509
-226.103 -260.581
-240.134 -277.533
-69.2455 -80.2562
-213.922 -248.639
-242.876 -283.091
-152.119 -177.808
-0.649019 -0.760772
-147.734 -173.663
-71.8049 -84.6467
-113.665 -134.373
-237.916 -282.059
-142.255 -169.128
-111.173 -132.55
-13.4725 -16.1087
-121.05 -145.148
-148.342 -178.378
-49.7897 -60.0416
-132.549 -160.296
-16.5406 -20.0601
-228.635 -278.075
-71.01 -86.6116
-230.389 -281.81
-62.5537 -76.7335
-78.2157 -96.22
-46.5969 -57.4868
-54.0598 -66.8845
-165.664 -205.552
-98.349 -122.378
-6.25337 -7.80355
-237.214 -296.866
-79.1407 -99.3265
-206.525 -259.945
-152.758 -192.824
-8.05834 -10.2011
-209.146 -265.522
-169.861 -216.269
-98.036 -125.18
-28.9275 -37.0432
-82.3265 -105.728
-208.513 -268.556
-55.0953 -71.1654
-122.824 -159.108
-181.768 -236.145
-149.777 -195.148
-183.538 -239.829
-222.027 -290.964
-136.242 -179.062
-129.344 -170.488
-161.683 -213.735
-125.254 -166.059
-219.389 -291.708
-115.19 -153.607
-59.883 -80.0876
-237.889 -319.081
-153.92 -207.057
-124.453 -167.906
-2.97173 -4.02105
-56.9494 -77.2837
-63.9465 -87.0336
-183.201 -250.075
-67.832 -92.8645
-174.26 -239.269
-2.93793 -4.04581
-205.259 -283.494
-170.914 -236.754
-133.195 -185.049
-29.1528 -40.6216
-47.7174 -66.6862
-108.026 -151.415
-23.1858 -32.5947
-21.9833 -30.9957
-184.757 -261.275
-193.036 -273.792
-225.433 -320.693
-121.675 -173.606
-46.3965 -66.3955
-1.1433 -1.64099
-216.221 -311.271
-191.304 -276.223
-27.274 -39.4985
-133.826 -194.388
-24.8999 -36.2767
-88.1016 -128.74
-33.816 -49.5628
-40.4961 -59.532
-118.432 -174.628
-217.892 -322.248
-5.03079 -7.46265
-39.0472 -58.0974
-17.2564 -25.753
-131.097 -196.238
-124.725 -187.266
-155.441 -234.092
-215.283 -325.197
-180.676 -273.752
-70.9082 -107.764
-77.8882 -118.733
-70.6069 -107.961
-186.244 -285.647
-190.75 -293.453
-30.4544 -46.995
-20.6209 -31.9183
-129.956 -201.771
-112.384 -175.025
-37.7392 -58.9555
-194.201 -304.314
-213.1 -334.959
-58.3801 -92.0476
-52.3729 -82.8317
-175.968 -279.169
-152.167 -242.159
-201.731 -322.032
-117.59 -188.299
-43.3371 -69.6125
-156.085 -251.502
-88.3894 -142.868
-26.7719 -43.4081
-77.5149 -126.077
-20.3798 -33.2515
-94.8889 -155.306
-126.923 -208.391
-87.1889 -143.604
-14.498 -23.9543
-88.3372 -146.416
-197.396 -328.213
-57.5901 -96.0592
-174.933 -292.711
-29.6844 -49.8281
-131.224 -220.973
-8.15036 -13.7685
-140.77 -238.564
-49.1782 -83.6093
-57.6597 -98.3431
-102.43 -175.263
-170.644 -292.919
-156.174 -268.944
-93.1784 -160.978
-182.409 -316.152
-2.4927 -4.33434
-86.0377 -150.088
-14.8835 -26.0477
-98.4856 -172.921
-125.89 -221.758
-68.4537 -120.976
-157.202 -278.725
-11.761 -20.9208
-68.435 -122.134
-40.471 -72.4645
-78.3076 -140.673
-187.272 -337.528
-70.1712 -126.89
-95.5779 -173.404
-169.486 -308.51
-95.0931 -173.67
-6.7066 -12.2891
-43.9591 -80.8183
-188.252 -347.255
-186.341 -344.878
-0.474131 -0.880454
-56.2752 -104.853
-66.977 -125.212
-18.347 -34.4149
-154.837 -291.42
-107.633 -203.261
-156.356 -296.273
-72.6179 -138.068
-104.459 -199.282
-38.8941 -74.453
-119.141 -228.844
-45.1336 -86.9883
-156.164 -302.014
-50.3872 -97.781
-91.8215 -178.801
-14.123 -27.596
-101.317 -198.655
-181.237 -356.586
-16.7183 -33.0075
-176.635 -349.949
-174.798 -347.515
-128.606 -256.573
-142.1 -284.485
-111.847 -224.703
-82.2054 -165.733
-77.0997 -155.986
-118.857 -241.317
-66.0894 -134.656
-98.4125 -201.224
-105.579 -216.643
-48.4881 -99.8494
-7.84032 -16.2028
-42.5629 -88.2746
-18.1884 -37.8574
-65.6332 -137.1
-89.9822 -188.638
-57.0937 -120.122
-58.6379 -123.817
-139.548 -295.729
-18.296 -38.9135
-67.4514 -143.984
-10.5739 -22.6537
-64.0971 -137.824
-59.2798 -127.933
-127.424 -276.006
-157.962 -343.412
-139.151 -303.633
-90.1306 -197.397
-21.9461 -48.2428
-110.632 -244.1
-13.169 -29.1646
-22.154 -49.2463
-83.8419 -187.071
-49.7406 -111.4
-22.7603 -51.1661
-136.943 -309.015
-25.0406 -56.7183
-108.3 -246.236
-128.022 -292.184
-127.214 -291.446
-133.984 -308.13
-35.3758 -81.6673
-61.807 -143.234
-18.1661 -42.261
-9.84081 -22.9817
-132.614 -310.898
-86.8159 -204.321
-109.527 -258.776
-34.1871 -81.0879
-38.3331 -91.2775
-23.1549 -55.3521
-134.619 -323.075
-51.7503 -124.687
-38.9686 -94.2627
-67.7742 -164.592
-60.7139 -148.033
-86.2226 -211.068
-110.425 -271.395
-59.7175 -147.36
-139.609 -345.888
-53.7107 -133.608
-126.748 -316.569
-98.5257 -247.08
-63.4851 -159.855
-132.776 -335.696
-39.5822 -100.485
-64.2755 -163.843
-18.1951 -46.5719
-118.57 -304.746
-18.0649 -46.6225
-135.718 -351.724
-69.2274 -180.157
-77.1956 -201.735
-64.8069 -170.071
-96.4992 -254.307
-43.1234 -114.124
-3.52163 -9.35939
-0.350855 -0.93643
-130.031 -348.534
-46.6639 -125.612
-47.8761 -129.429
-54.6076 -148.263
-38.9067 -106.091
-80.9468 -221.684
-34.5099 -94.9214
-51.0554 -141.044
-70.1845 -194.739
-15.5361 -43.297
-57.1925 -160.091
-43.8995 -123.425
-32.378 -91.4367
-7.97945 -22.6347
-122.198 -348.179
-95.6539 -273.771
-58.4769 -168.12
-120.738 -348.688
-43.6682 -126.685
-7.78947 -22.7008
-117.336 -343.513
-23.8219 -70.0608
-47.7686 -141.135
-71.8361 -213.224
-15.2615 -45.5092
-56.9921 -170.739
-89.8598 -270.463
-48.3516 -146.213
-15.6323 -47.4935
-109.584 -334.508
-49.2885 -151.168
-78.0915 -240.646
-28.2746 -87.5474
-96.3911 -299.89
-33.8187 -105.723
-77.9591 -244.891
-23.5569 -74.3577
-24.0544 -76.298
-53.8825 -171.746
-110.563 -354.142
-35.8983 -115.552
-80.6295 -260.822
-7.64429 -24.8509
-24.8775 -81.278
-16.315 -53.5707
-108.751 -358.885
-110.271 -365.738
-103.726 -345.777
-88.9431 -298.01
-26.188 -88.1941
-105.109 -355.799
-49.9091 -169.818
-13.1897 -45.1113
-73.4536 -252.534
-61.1489 -211.331
-69.7051 -242.168
-60.0078 -209.578
-26.5704 -93.2899
-80.9557 -285.754
-15.1891 -53.9008
-38.5942 -137.693
-105.538 -378.564
-26.7198 -96.3642
-87.997 -319.089
-83.8481 -305.71
-96.8421 -355.029
-28.7991 -106.163
-96.8917 -359.16
-72.5516 -270.437
-8.50619 -31.8849
-25.3849 -95.6901
-97.9442 -371.299
-66.7263 -254.395
-68.3898 -262.229
-47.6917 -183.917
-10.2359 -39.7017
-6.4559 -25.1857
-88.9022 -348.85
-38.3131 -151.222
-0.244242 -0.969714
-44.4484 -177.52
-59.417 -238.717
-50.9175 -205.795
-20.5386 -83.5115
-89.049 -364.274
-8.02763 -33.0387
-86.3877 -357.717
-25.9064 -107.935
-73.0903 -306.403
-75.8917 -320.127
-39.2128 -166.443
-50.15 -214.208
-8.61059 -37.0116
-76.3542 -330.289
-37.8344 -164.711
-28.4814 -124.791
-43.5663 -192.122
-37.5835 -166.819
-65.0902 -290.805
-33.2102 -149.352
-39.4725 -178.692
-71.8013 -327.215
-6.38903 -29.3118
-61.3648 -283.433
-62.861 -292.317
-72.0607 -337.39
-81.7571 -385.424
-59.7802 -283.772
-33.7873 -161.504
-27.0528 -130.22
-22.224 -107.732
-0.602005 -2.93898
-43.4473 -213.627
-22.762 -112.725
-9.04182 -45.1026
-7.61247 -38.2498
-15.3119 -77.5019
-30.5997 -156.028
-4.58592 -23.5578
-74.9349 -387.827
-44.2592 -230.795
-5.04805 -26.5239
-40.8304 -216.178
-53.9764 -287.985
-48.8201 -262.499
-56.0753 -303.869
-51.8687 -283.291
-37.5323 -206.619
-46.998 -260.799
-52.7928 -295.318
-14.4919 -81.7251
-67.0382 -381.149
-33.5106 -192.099
-8.8646 -51.2388
-11.4986 -67.0208
-16.1011 -94.6401
-18.1313 -107.481
-59.2224 -354.081
-34.6805 -209.144
-4.54185 -27.6292
-12.3839 -75.9976
-53.5758 -331.701
-45.3668 -283.392
-53.2757 -335.8
-4.34878 -27.6602
-5.5416 -35.5709
-57.8176 -374.564
-12.0938 -79.0806
-2.84604 -18.7856
-32.5019 -216.575
-42.3443 -284.87
-39.616 -269.1
-8.80016 -60.3619
-7.00125 -48.4972
-15.848 -110.873
-33.6281 -237.632
-26.4982 -189.153
-16.07 -115.891
-11.0133 -80.2478
-37.8178 -278.444
-28.5045 -212.093
-17.6631 -132.831
-3.39116 -25.7779
-40.1327 -308.4
-4.9787 -38.6809
-2.65174 -20.8319
-19.3576 -153.786
-35.0745 -281.826
-42.4962 -345.396
-23.9043 -196.552
-44.0373 -366.363
-33.9711 -285.989
-36.3692 -309.873
-6.91084 -59.6007
-18.5483 -161.941
-17.198 -152.03
-43.9627 -393.552
-24.6665 -223.644
-22.081 -202.801
-42.7406 -397.71
-33.2207 -313.243
-11.7603 -112.386
-3.59394 -34.815
-37.479 -368.097
-1.29876 -12.935
-25.8109 -260.726
-29.1374 -298.582
-5.36113 -55.7428
-21.2274 -223.996
-27.3282 -292.727
-16.5728 -180.24
-24.1659 -266.908
-17.5785 -197.218
-33.732 -384.523
-31.7329 -367.633
-28.8504 -339.777
-29.0415 -347.79
-8.0185 -97.6714
-13.5925 -168.452
-3.79377 -47.8498
-28.806 -369.88
-12.6578 -165.517
-4.19209 -55.8429
-26.2273 -356.035
-0.0720727 -0.997399
-13.0757 -184.537
-11.5015 -165.601
-9.43705 -138.679
-3.85693 -57.8716
-1.3021 -19.9576
-6.81709 -106.783
-24.366 -390.24
-19.2516 -315.413
-3.63124 -60.8918
-22.6142 -388.342
-18.8943 -332.464
-2.2138 -39.9387
-9.5492 -176.742
-12.8235 -243.663
-13.4041 -261.657
-2.23945 -44.9442
-0.580444 -11.986
-1.45623 -30.9658
-12.4888 -273.715
-7.06949 -159.844
-12.4088 -289.734
-14.529 -350.699
-11.3193 -282.774
-0.193009 -4.99627
-12.7617 -342.763
-11.2444 -313.799
-13.5248 -392.767
-12.5799 -380.792
-9.17038 -289.855
-9.79318 -323.852
-11.3877 -394.836
-1.67344 -60.977
-6.95189 -266.909
-9.14169 -370.887
-3.8353 -164.955
-5.76781 -263.937
-5.01056 -244.949
-0.190547 -9.99818
-3.10783 -175.973
-3.93528 -241.968
-1.0554 -70.9922
-3.64987 -270.975
-3.34379 -276.98
-4.22718 -395.977
-2.44938 -263.989
-2.82934 -358.989
-1.44602 -222.995
-0.0152628 -2.99996
-1.02603 -277.998
-0.362445 -158
-0.287979 -321
0.14791 -296
0.441889 -233
1.05058 -318.998
1.65562 -352.996
1.93565 -317.994
1.27972 -170.995
1.33208 -149.994
1.77797 -172.991
1.76278 -150.99
4.6924 -358.969
0.766774 -52.9945
4.09294 -257.968
6.66265 -385.943
1.38064 -73.9871
6.03623 -300.939
6.34933 -295.932
1.98768 -86.9773
6.78814 -279.918
1.46147 -56.9813
4.16356 -153.944
0.284324 -9.99596
0.149143 -4.99778
5.18331 -165.919
6.42632 -196.895
4.35417 -127.926
11.1551 -314.802
9.31264 -252.829
3.05637 -79.9416
10.9297 -275.784
11.1509 -271.771
6.23159 -146.868
2.53966 -57.9444
17.8924 -395.596
13.4611 -288.686
12.2332 -254.706
1.97474 -39.9512
0.101527 -1.99742
20.8113 -398.457
5.62311 -104.849
7.96749 -144.781
0.112686 -1.99682
10.104 -174.708
20.4596 -345.395
18.2789 -301.446
6.87316 -110.787
13.1061 -206.585
6.66497 -102.784
17.9798 -271.405
18.7639 -277.366
26.7291 -387.078
19.4684 -276.315
26.5919 -370.046
7.38001 -100.73
15.0414 -201.439
0.0758553 -0.997119
23.8696 -308.077
2.20194 -27.9133
9.28383 -115.628
12.4581 -152.492
32.7129 -393.643
32.3364 -382.636
32.186 -374.62
24.358 -278.939
21.389 -241.053
10.2344 -113.54
7.11099 -77.6752
0.74046 -7.96566
0.0939482 -0.995577
6.00634 -62.713
6.9645 -71.6624
34.9305 -354.282
23.2852 -232.839
29.967 -295.484
37.6423 -366.07
34.2138 -328.222
4.20269 -39.7786
39.4953 -368.892
13.2649 -122.283
6.88172 -62.623
18.142 -162.993
39.6516 -351.772
4.76272 -41.7291
30.3035 -262.255
16.1481 -138.059
22.4541 -189.676
28.6664 -239.289
10.3488 -85.3751
47.106 -384.122
27.6991 -223.289
24.2762 -193.483
31.3439 -247.019
18.3261 -142.829
17.3678 -133.878
17.5547 -133.854
3.15408 -23.7918
33.998 -253.732
43.6114 -322.061
10.168 -74.3075
19.4479 -140.662
1.79842 -12.875
46.3882 -328.743
7.05533 -49.4997
21.2309 -147.48
52.657 -362.192
15.8327 -107.844
8.65151 -58.3622
57.1347 -381.748
33.1665 -219.508
48.4002 -317.33
23.4327 -152.207
18.732 -120.553
31.294 -199.561
10.1595 -64.2011
42.416 -265.635
58.852 -365.29
3.85052 -23.6891
18.7707 -114.471
46.837 -283.152
30.6106 -183.464
39.6622 -235.686
14.0555 -82.8157
15.0147 -87.7243
60.8892 -352.784
46.808 -268.957
33.5298 -191.08
39.3713 -222.544
28.4447 -159.483
29.7292 -165.349
11.9484 -65.926
60.2024 -329.546
21.1866 -115.066
57.8386 -311.679
50.0015 -267.365
16.2978 -86.4776
64.5548 -339.925
33.4545 -174.828
37.6744 -195.401
50.5328 -260.137
35.7233 -182.537
16.0548 -81.4324
66.2326 -333.487
40.9999 -204.939
13.6303 -67.6403
41.1744 -202.864
8.21143 -40.1693
69.7699 -338.893
76.3337 -368.17
35.767 -171.306
27.3647 -130.154
13.8768 -65.5472
42.739 -200.495
32.7364 -152.526
57.6615 -266.841
29.1234 -133.869
9.41354 -42.9812
12.9185 -58.5928
17.3338 -78.0996
11.3379 -50.7489
38.3948 -170.736
6.40208 -28.2845
85.5175 -375.382
11.6212 -50.6848
88.3646 -382.937
76.2318 -328.265
40.7346 -174.303
71.6543 -304.688
70.6981 -298.749
72.9685 -306.432
37.9798 -158.514
38.2012 -158.46
27.3436 -112.731
24.8932 -102.007
93.2279 -379.723
55.8713 -226.202
54.4992 -219.33
34.6778 -138.732
73.8887 -293.853
35.5557 -140.573
40.4367 -158.937
77.3507 -302.26
16.9505 -65.8535
55.388 -213.947
34.2688 -131.612
25.8394 -98.6728
9.16844 -34.8129
98.5713 -372.168
29.3412 -110.159
40.103 -149.722
16.9051 -62.7632
48.3639 -178.566
14.4526 -53.0672
5.01832 -18.3253
7.43313 -26.9953
70.706 -255.393
34.3246 -123.312
71.1497 -254.232
57.6914 -205.038
1.90537 -6.73569
109.142 -383.782
9.89579 -34.6132
7.45809 -25.9495
36.639 -126.813
100.129 -344.754
77.0689 -263.98
27.0328 -92.1153
80.3525 -272.396
39.2294 -132.307
73.9729 -248.212
94.6928 -316.122
61.1166 -202.999
70.0888 -231.628
69.5394 -228.66
79.5045 -260.121
110.699 -360.381
82.5906 -267.542
26.9634 -86.9136
40.4783 -129.836
113.309 -361.666
52.5526 -166.923
103.762 -327.978
99.0692 -311.632
29.2123 -91.4475
114.609 -357.057
80.4222 -249.352
48.4006 -149.353
38.0823 -116.956
62.1881 -190.086
111.792 -340.098
50.4887 -152.879
7.87301 -23.728
107.524 -322.55
69.8655 -208.612
76.8536 -228.417
58.6 -173.364
87.7808 -258.502
40.0351 -117.359
119.949 -350.018
123.041 -357.414
11.4389 -33.0779
38.3932 -110.521
56.6681 -162.397
31.7553 -90.5958
45.498 -129.224
46.0119 -130.103
132.555 -373.156
52.7602 -147.869
120.44 -336.07
23.0304 -63.9813
24.4797 -67.7107
107.512 -296.085
27.7524 -76.0974
14.4452 -39.4377
59.7274 -162.363
110.205 -298.293
79.3133 -213.76
94.9755 -254.88
5.60773 -14.9851
21.1075 -56.1647
126.762 -335.875
109.865 -289.879
35.9268 -94.3942
40.6998 -106.487
65.2143 -169.915
116.878 -303.257
108.639 -280.711
81.5016 -209.72
138.869 -355.864
127.326 -324.945
122.654 -311.739
74.2211 -187.87
13.2743 -33.4633
90.2869 -226.681
73.5225 -183.844
23.8478 -59.3909
43.0006 -106.658
0.375213 -0.926939
130.272 -320.539
89.5389 -219.435
128.134 -312.771
112.975 -274.674
125.19 -303.169
2.29781 -5.54257
19.2129 -46.1613
111.809 -267.579
152.8 -364.249
139.336 -330.857
76.3245 -180.529
1.95348 -4.6026
64.6771 -151.796
62.1362 -145.269
32.7477 -76.2665
81.146 -188.256
92.9252 -214.758
83.6636 -192.615
31.5746 -72.4158
14.8355 -33.8956
69.9894 -159.303
20.1758 -45.7486
158.274 -357.533
157.962 -355.484
7.33225 -16.4389
135.663 -303.018
33.6115 -74.7948
133.63 -296.257
120.021 -265.096
129.079 -284.047
150.64 -330.267
56.611 -123.658
119.413 -259.878
104.28 -226.112
148.703 -321.253
62.357 -134.222
70.1512 -150.449
92.826 -198.354
61.6435 -131.244
14.9237 -31.6589
162.509 -343.498
116.665 -245.71
90.3374 -189.576
35.8094 -74.8778
88.7032 -184.815
91.565 -190.097
85.3022 -176.464
168.478 -347.291
106.368 -218.483
21.9492 -44.9247
113.582 -231.653
77.2612 -157.021
11.0686 -22.4162
67.9316 -137.092
18.2552 -36.7117
66.9749 -134.218
138.354 -276.295
157.598 -313.63
27.0147 -53.5743
159.376 -314.973
126.766 -249.66
128.477 -252.156
124.277 -243.073
166.155 -323.865
7.32339 -14.2256
22.0298 -42.6461
156.006 -300.97
82.5967 -158.804
76.8037 -147.164
44.5354 -85.0447
48.3753 -92.0642
8.39491 -15.9225
178.163 -336.777
59.5443 -112.176
99.1882 -186.233
82.9521 -155.225
126.171 -235.308
42.1665 -78.3772
120.178 -222.635
43.814 -80.8971
157.564 -289.954
59.358 -108.87
86.3855 -157.916
151.561 -276.142
5.30606 -9.63565
180.863 -327.36
35.8762 -64.7217
47.1454 -84.7721
155.434 -278.57
45.4282 -81.1498
65.1292 -115.962
191.455 -339.772
27.5591 -48.7493
139.616 -246.163
60.336 -106.036
118.985 -208.429
159.532 -278.551
132.52 -230.639
58.9298 -102.231
92.1132 -159.283
123.95 -213.648
51.8122 -89.0196
114.966 -196.893
58.1261 -99.2288
129.702 -220.711
54.3402 -92.1745
13.7445 -23.2398
84.1924 -141.904
175.43 -294.743
109.196 -182.88
93.008 -155.276
154.001 -256.29
164.168 -272.347
11.9013 -19.6815
193.453 -318.912
88.372 -145.225
156.83 -256.915
198.444 -324.068
196.279 -319.53
160.528 -260.513
88.3326 -142.903
184.969 -298.308
117.252 -188.51
39.7012 -63.6303
164.996 -263.624
207.901 -331.147
56.4873 -89.6949
9.61346 -15.2178
176.101 -277.902
82.6119 -129.966
113.975 -178.756
112.07 -175.227
147.952 -230.621
45.4564 -70.6379
38.5048 -59.6521
120.112 -185.51
118.193 -181.988
16.921 -25.9746
19.1453 -29.2995
52.0768 -79.4545
47.2436 -71.8613
189.926 -288.016
50.2025 -75.8993
121.625 -183.323
52.0764 -78.2563
70.5061 -105.631
10.5702 -15.7883
42.3691 -63.0941
37.4294 -55.5702
146.669 -217.1
174.459 -257.459
193.931 -285.335
136.312 -199.958
89.7437 -131.252
118.771 -173.186
226.692 -329.561
88.0214 -127.582
153.638 -222.026
175.615 -253.029
81.6994 -117.364
109.914 -157.426
32.1224 -45.871
125.872 -179.213
221.146 -313.927
63.4747 -89.8386
215.662 -304.333
155.258 -218.447
167.753 -235.329
119.809 -167.576
27.3884 -38.1952
158.812 -220.823
44.46 -61.6385
203.974 -281.955
66.9481 -92.2711
168.281 -231.252
222.84 -305.33
16.5382 -22.594
98.8268 -134.619
93.6786 -127.233
57.0266 -77.2268
186.877 -252.335
225.987 -304.255
153.53 -206.101
152.022 -203.483
148.708 -198.469
13.2165 -17.5877
98.1038 -130.172
55.474 -73.3937
42.8906 -56.5809
194.876 -256.334
235.251 -308.547
88.6843 -115.979
20.0817 -26.1864
208.498 -271.095
197.272 -255.759
120.536 -155.821
4.90368 -6.32091
197.728 -254.141
31.9886 -40.9967
45.6036 -58.2779
235.833 -300.511
120.6 -153.234
142.499 -180.538
56.4797 -71.3516
159.79 -201.286
138.894 -174.463
135.394 -169.58
108.13 -135.044
31.932 -39.7662
190.043 -235.993
109.323 -135.368
21.3989 -26.4214
27.1099 -33.3774
11.9994 -14.7314
34.162 -41.8205
186.311 -227.43
224.081 -272.757
189.489 -229.995
57.9622 -70.1526
111.654 -134.753
152.744 -183.821
206.135 -247.371
176.342 -211.018
64.8739 -77.4105
130.607 -155.405
201.07 -238.569
82.6268 -97.759
206.908 -244.109
64.7653 -76.1936
162.828 -191.019
14.9449 -17.4828
3.2542 -3.79608
224.254 -260.857
260.53 -302.2
204.053 -236.022
98.2607 -113.335
208.648 -239.979
104.492 -119.844
135.596 -155.08
89.6625 -102.258
49.5249 -56.323
113.096 -128.259
245.098 -277.176
11.2791 -12.7194
263.149 -295.92
186.357 -208.976
211.98 -237.041
106.823 -119.117
230.027 -255.78
7.36693 -8.16874
41.587 -45.984
8.73331 -9.62961
196.465 -216.022
221.7 -243.085
184.245 -201.451
269.017 -293.316
186.161 -202.408
144.409 -156.573
115.431 -124.803
233.93 -252.216
177.073 -190.381
51.1555 -54.8462
1.36619 -1.46066
34.8898 -37.1981
87.0118 -92.5092
267.598 -283.71
257 -271.712
37.1617 -39.1792
83.3922 -87.6741
187.735 -196.824
184.554 -192.948
165.441 -172.483
6.93229 -7.20717
81.2255 -84.2105
226.648 -234.322
96.0816 -99.0572
184.77 -189.961
89.3755 -91.6298
13.9849 -14.2976
211.473 -215.599
117.808 -119.772
264.04 -267.692
53.4454 -54.0333
193.661 -195.245
39.4919 -39.7038
274.712 -275.416
116.686 -116.659
237.947 -237.228
231.896 -230.55
85.2176 -84.4865
131.559 -130.066
143.846 -141.818
24.2451 -23.8365
59.9818 -58.8063
233.105 -227.899
102.391 -99.8251
8.60396 -8.36492
33.7446 -32.7155
269.603 -260.652
272.846 -263.051
141.292 -135.84
111.164 -106.576
222.626 -212.841
41.9791 -40.0219
259.457 -246.67
267.784 -253.875
256.512 -242.509
73.4898 -69.2838
60.4721 -56.8518
23.3451 -21.8862
266.629 -249.267
163.843 -152.746
68.1127 -63.3218
171.603 -159.086
48.4634 -44.8029
167.635 -154.54
184.047 -169.194
56.0221 -51.3569
124.735 -114.027
100.506 -91.6213
27.3784 -24.8882
77.0533 -69.8484
10.3857 -9.38817
63.8782 -57.581
5.20593 -4.67956
295.621 -264.985
266.168 -237.915
292.628 -260.831
97.1656 -86.3646
220.765 -195.673
223.286 -197.351
174.798 -154.061
157.737 -138.633
210.574 -184.55
228.903 -200.049
240.49 -209.584
219.648 -190.881
170.037 -147.351
2.2699 -1.96151
175.751 -151.445
160.035 -137.513
269.576 -230.985
300.309 -256.592
165.938 -141.381
189.76 -161.221
238.053 -201.68
243.682 -205.864
233.262 -196.504
241.959 -203.253
7.66591 -6.42136
6.90739 -5.76958
248.956 -207.357
20.0012 -16.6119
212.566 -176.044
232.088 -191.667
54.8082 -45.1339
15.4567 -12.6922
303.298 -248.343
13.1682 -10.7516
138.812 -113.014
38.042 -30.8838
103.374 -83.6831
305.803 -246.847
161.253 -129.794
115.422 -92.6382
262.332 -209.948
46.1157 -36.8014
154.933 -123.287
312.561 -248.005
49.4064 -39.0897
298.336 -235.363
6.28767 -4.94623
290.337 -227.739
192.982 -150.94
147.458 -115.001
18.9456 -14.7331
210.209 -162.998
28.4801 -22.0201
171.857 -132.492
3.96409 -3.04729
167.464 -128.362
298.739 -228.322
236.224 -180.021
5.57348 -4.23513
70.938 -53.7476
301.606 -227.855
199.685 -150.419
203.093 -152.542
132.069 -98.908
304.477 -227.363
263.887 -196.48
170.22 -126.37
40.9915 -30.343
242.985 -179.339
8.85955 -6.51985
266.059 -195.224
136.394 -99.7879
121.991 -88.9893
219.161 -159.403
280.099 -203.128
179.088 -129.493
223.072 -160.823
298.811 -214.793
209.703 -150.296
39.8671 -28.4889
35.8347 -25.5318
66.034 -46.9096
248.893 -176.287
192.776 -136.137
304.985 -214.74
214.436 -150.536
67.9986 -47.5941
219.776 -153.37
73.8773 -51.4019
317.981 -220.584
157.088 -108.648
231.332 -159.52
273.58 -188.09
325.807 -223.327
184.112 -125.824
299.984 -204.397
72.7926 -49.4493
294.758 -199.633
121.827 -82.2627
267.94 -180.38
104.62 -70.2189
157.077 -105.109
73.2045 -48.8375
28.3099 -18.8295
211.688 -140.372
197.703 -130.701
256.332 -168.947
129.537 -85.1179
287.753 -188.505
44.3746 -28.981
230.455 -150.051
116.59 -75.6813
286.283 -185.265
47.897 -30.9011
42.0527 -27.0475
37.0396 -23.7501
192.104 -122.8
152.64 -97.2732
73.4336 -46.6531
114.894 -72.7686
13.5289 -8.54212
173.492 -109.204
246.491 -154.672
50.8673 -31.8201
116.248 -72.4935
124.842 -77.6107
208.251 -129.06
63.8054 -39.4192
134.533 -82.8553
179.815 -110.397
55.4407 -33.9313
326.099 -198.956
312.706 -190.186
199.241 -120.797
22.2518 -13.4484
170.455 -102.694
246.896 -148.278
153.581 -91.9443
14.5981 -8.71176
224.311 -133.438
55.0491 -32.6435
80.9202 -47.8322
341.179 -201.03
236.262 -138.766
31.0672 -18.1887
266.014 -155.243
265.367 -154.368
121.112 -70.2269
122.076 -70.5581
6.0654 -3.49441
305.248 -175.293
296.814 -169.899
48.6399 -27.7517
253.824 -144.351
149.632 -84.8198
181.964 -102.812
121.114 -68.2081
344.444 -193.348
112.577 -62.9868
54.1492 -30.1971
247.357 -137.49
127.711 -70.7529
194.34 -107.312
208.507 -114.755
101.703 -55.7889
259.718 -141.995
115.03 -62.6819
115.997 -62.9984
167.971 -90.9222
14.9616 -8.07166
243.088 -130.706
176.283 -94.4687
15.8773 -8.48001
110.341 -58.7349
63.6038 -33.7425
345.66 -182.758
167.207 -88.1073
237.272 -124.604
243.648 -127.518
139.202 -72.6069
226.257 -117.613
141.18 -73.1377
40.8741 -21.1023
142.273 -73.2006
44.4923 -22.813
198.578 -101.469
298.524 -152.014
250.582 -127.16
316.795 -160.205
122.342 -61.6548
292.22 -146.753
259.337 -129.786
162.87 -81.2246
216.714 -107.699
298.412 -147.781
326.417 -161.083
94.2237 -46.3346
187.679 -91.9659
95.2514 -46.51
177.144 -86.191
212.358 -102.958
247.618 -119.626
21.6248 -10.4099
309.263 -148.343
321.199 -153.517
148.067 -70.5145
194.241 -92.1715
102.157 -48.301
343.763 -161.948
89.6181 -42.0666
24.4573 -11.4386
275.551 -128.405
132.423 -61.4832
360.314 -166.681
196.167 -90.4138
131.771 -60.5105
172.775 -79.0483
62.7848 -28.6193
356.917 -162.093
143.951 -65.1323
229.737 -103.561
261.809 -117.579
106.798 -47.7837
4.56685 -2.03566
48.4387 -21.5104
350.255 -154.954
126.279 -55.6556
298.495 -131.06
160.333 -70.1301
232.854 -101.464
171.536 -74.4602
55.9895 -24.211
73.4732 -31.6495
238.931 -102.527
281.372 -120.274
162.851 -69.3427
110.473 -46.8577
260.687 -110.142
108.76 -45.7731
284.972 -119.465
179.019 -74.7542
27.6995 -11.5213
177.379 -73.4883
142.355 -58.745
354.243 -145.605
155.475 -63.6513
32.4091 -13.2154
100.062 -40.6393
366.176 -148.123
256.004 -103.141
160.556 -64.4259
245.148 -97.9724
123.571 -49.1847
286.324 -113.502
141.381 -55.8164
3.7226 -1.46365
243.033 -95.164
171.427 -66.8494
21.44 -8.32624
255.554 -98.834
328.48 -126.51
120.445 -46.195
267.176 -102.044
314.987 -119.801
275.877 -104.485
56.1401 -21.1727
313.614 -117.776
294.108 -109.983
133.074 -49.5516
67.5091 -25.0305
168.86 -62.3403
229.955 -84.531
121.141 -44.339
242.405 -88.3395
322.431 -116.993
333.88 -120.62
199.488 -71.7537
42.3654 -15.1716
112.089 -39.9639
143.243 -50.8463
300.771 -106.29
112.255 -39.4938
321.83 -112.722
252.113 -87.9082
126.59 -43.9419
333.642 -115.292
28.3685 -9.75853
139.072 -47.6226
39.7539 -13.5509
70.0759 -23.7776
110.848 -37.4395
64.4548 -21.6697
244.664 -81.8758
364.321 -121.353
65.4942 -21.7141
263.997 -87.1172
210.915 -69.2739
195.803 -64.0077
37.0865 -12.0662
56.1306 -18.1756
135.155 -43.5559
183.779 -58.9425
67.6381 -21.5891
346.919 -110.197
96.303 -30.4423
305.253 -96.0245
149.83 -46.9028
348.484 -108.555
175.75 -54.4781
320.118 -98.7386
62.1392 -19.0715
142.503 -43.5186
248.769 -75.5911
377.14 -114.023
88.1003 -26.5016
285.488 -85.4435
97.7581 -29.1092
236.826 -70.1593
167.861 -49.4736
304.193 -89.193
4.79996 -1.40013
363.025 -105.343
240.193 -69.3356
211.455 -60.72
308.655 -88.165
299.159 -85.0006
84.6829 -23.9334
134.776 -37.8876
372.705 -104.212
368.033 -102.351
171.558 -47.4528
267.078 -73.4722
196.768 -53.8347
82.983 -22.5791
40.542 -10.9704
332.183 -89.3888
86.941 -23.2652
114.032 -30.344
159.51 -42.2074
46.4201 -12.2137
152.856 -39.9899
242.916 -63.189
355.309 -91.8957
290.548 -74.7133
194.737 -49.786
106.61 -27.0972
275.346 -69.5754
105.716 -26.5556
373.53 -93.2756
341.632 -84.8035
330.099 -81.4514
13.597 -3.33489
45.6627 -11.1319
223.532 -54.1633
67.0821 -16.1553
212.984 -50.9781
347.309 -82.6161
265.677 -62.806
84.6943 -19.8968
10.712 -2.50073
157.809 -36.6085
95.4958 -22.0125
10.7224 -2.45582
167.712 -38.1659
314.072 -71.0114
370.761 -83.2845
358.189 -79.935
247.979 -54.9765
347.668 -76.5682
88.8975 -19.448
214.983 -46.717
26.3922 -5.69659
89.956 -19.285
304.181 -64.7668
101.75 -21.5162
256.407 -53.8463
129.22 -26.9482
125.341 -25.9565
178.27 -36.6579
104.837 -21.4052
29.4019 -5.9604
385.274 -77.5432
246.135 -49.1813
4.90444 -0.972857
329.669 -64.9156
135.437 -26.4726
181.614 -35.235
282.805 -54.4573
373.245 -71.3321
41.2644 -7.82644
339.047 -63.8151
41.2861 -7.71114
215.333 -39.9073
371.767 -68.3619
164.288 -29.9728
134.81 -24.4002
324.806 -58.3204
151.614 -27.0045
202.858 -35.8395
109.334 -19.1589
37.4388 -6.50661
359.697 -61.9953
96.5992 -16.5104
187.329 -31.7483
327.409 -55.0187
55.2386 -9.20312
331.508 -54.7557
154.937 -25.3689
107.592 -17.4625
161.918 -26.0477
17.7755 -2.83407
90.8727 -14.3583
344.799 -53.9864
263.844 -40.9334
357.798 -54.998
281.752 -42.906
60.3175 -9.09916
87.0337 -13.0051
347.218 -51.3876
136.541 -20.013
306.785 -44.5282
235.579 -33.8571
299.978 -42.6849
220.82 -31.1065
314.953 -43.9183
380.394 -52.5021
304.175 -41.5495
207.116 -27.9969
211.12 -28.2378
180.427 -23.8761
376.785 -49.3249
66.4453 -8.60396
8.92709 -1.14329
293.654 -37.1913
264.931 -33.1775
331.469 -41.04
80.4 -9.84052
175.719 -21.2579
362.419 -43.3308
252.246 -29.8012
145.015 -16.9273
377.499 -43.53
360.668 -41.0788
228.559 -25.7087
204.741 -22.7401
169.981 -18.6391
52.6922 -5.70342
94.4625 -10.0912
84.5316 -8.91088
18.8981 -1.96545
356.131 -36.5358
107.451 -10.8719
319.414 -31.8675
150.275 -14.7807
85.5987 -8.29862
177.193 -16.9287
214.054 -20.1486
202.133 -18.7417
62.739 -5.72877
366.522 -32.9513
43.8287 -3.87862
276.952 -24.119
202.259 -17.3296
106.622 -8.98537
327.876 -27.17
93.6897 -7.63199
367.823 -29.4459
120.627 -9.4872
88.7357 -6.85425
105.696 -8.01585
300.17 -22.3427
321.145 -23.453
187.52 -13.4311
281.307 -19.7538
41.9009 -2.88352
23.9456 -1.61428
84.8154 -5.59878
386.195 -24.9515
185.63 -11.7329
302.423 -18.6909
305.443 -18.4493
278.516 -16.4324
111.815 -6.44034
104.835 -5.89139
192.711 -10.5598
141.798 -7.5713
249.663 -12.981
137.824 -6.97302
146.822 -7.22271
139.84 -6.68344
12.986 -0.602467
167.83 -7.5513
124.881 -5.4441
332.704 -14.0384
184.846 -7.5409
285.778 -11.2586
168.878 -6.41695
240.839 -8.8144
228.858 -8.05584
345.803 -11.6887
169.911 -5.50567
79.9616 -2.47921
167.926 -4.97179
290.884 -8.20554
251.909 -6.75396
256.917 -6.52911
330.905 -7.94687
27.9928 -0.633143
177.96 -3.7764
321.937 -6.38179
208.965 -3.85033
320.953 -5.46536
329.96 -5.1577
34.9965 -0.498146
153.987 -1.97675
270.982 -3.10005
116.994 -1.17498
307.988 -2.66291
10.9997 -0.0797392
61.9989 -0.362838
295.997 -1.3188
374.998 -1.14698
294 -0.488564
188 -0.0498121
329 0.372384
