100
244 0
265.475 16.709
229.177 28.9636
48.1314 9.18534
277.008 71.1533
171.183 55.6447
184.085 72.9166
157.427 74.1135
229.567 126.266
292.939 185.999
287.148 208.736
20.0287 16.5786
247.779 232.821
112.911 120.317
63.7151 77.0739
225.004 309.939
200.807 316.704
131.897 240.165
25.9474 55.2063
101.847 257.597
47.5145 146.487
13.8978 54.248
57.9188 304.541
2.86939 22.8203
15.8571 254.506
-0.02908 46
-22.0794 347.299
-18.7756 147.812
-22.3811 116.876
-75.8176 294.394
-23.8499 73.2133
-5.5328 13.9423
-134.778 285.816
-59.3456 107.736
-156.137 245.565
-210.095 288.633
-171.018 206.342
-37.0024 39.3297
-67.1256 62.9139
-151.144 124.786
-304.414 220.699
-185.874 117.689
-230.603 126.456
-189.206 88.7822
-275.335 108.659
-265.443 85.9137
-239.311 61.1481
-317.35 60.147
-165.708 20.7295
-383.272 23.6367
-394 -0.498152
-149.692 -9.61163
-71.4203 -9.11791
-212.12 -40.7587
-282.727 -73.0036
-115.026 -37.5511
-197.931 -78.6909
-346.313 -163.573
-185.627 -102.404
-9.2788 -5.90794
-43.6387 -31.8067
-158.523 -131.554
-123.014 -115.881
-53.304 -56.9445
-80.1582 -97.2145
-199.395 -275.394
-172.617 -273.006
-128.712 -235.069
-63.6334 -135.834
-36.6502 -93.0417
-19.0546 -58.9993
-81.4937 -319.779
-1.29915 -6.87839
-12.4737 -100.227
-0.670152 -10.9796
0.392579 -207
24.1362 -372.218
4.45427 -34.7154
2.46114 -12.7649
36.5911 -141.34
14.3033 -43.7198
49.5838 -124.489
62.4376 -131.976
87.0465 -157.553
81.1805 -127.321
185.7 -254.442
111.203 -133.828
27.446 -29.0984
116.878 -109.268
135.091 -111.245
149.105 -107.813
100.621 -63.532
270.247 -147.752
135.874 -63.5475
90.2729 -35.4936
115.167 -37.1145
74.6272 -18.968
276.151 -51.977
275.893 -34.159
171.687 -10.3702
