3000
329 0
212 0.44419
361.997 1.51695
355.993 2.2377
195.993 1.64265
168.991 1.77044
21.9983 0.276564
314.966 4.61983
177.975 2.98348
178.968 3.37523
83.9816 1.75987
313.917 7.23631
228.928 5.75711
308.885 8.41553
222.904 6.54039
57.9714 1.82256
260.853 8.74808
17.9886 0.641007
274.804 10.369
75.9398 3.02472
169.851 7.12172
339.671 14.9552
81.9129 3.77847
352.59 17.0047
275.651 13.873
369.493 19.3721
138.794 7.56845
253.594 14.3615
56.9019 3.34208
379.299 23.0753
0.998025 0.0628158
244.483 15.9021
73.8337 4.95781
12.9689 0.898141
43.8884 3.13183
374.989 27.5486
188.463 14.2425
50.8468 3.94975
391.755 31.2572
298.999 24.487
372.687 31.3081
234.133 20.1628
32.8723 2.90025
344.597 31.1308
27.8811 2.57768
391.254 36.9994
359.325 34.7397
379.154 37.4588
59.6968 6.02412
395.904 40.7896
80.5559 8.4702
232.665 24.957
396.634 43.386
327.967 36.5704
323.916 36.8059
273.176 31.6204
254.24 29.9685
397.151 47.6579
244.186 29.8213
313.589 38.9642
307.554 38.8689
244.985 31.4831
324.245 42.3595
252.782 33.5623
44.596 6.01622
195.176 26.7467
86.1695 11.9925
351.508 49.6717
137.592 19.7373
137.55 20.0255
238.413 35.2201
277.896 41.6481
7.90914 1.20228
330.101 50.8871
213.409 33.3563
123.46 19.5621
169.824 27.2733
33.5585 5.46157
308.829 50.9257
105.538 17.6303
261.286 44.2113
178.4 30.571
192.129 33.3383
391.012 68.6927
140.791 25.0383
118.102 21.2586
294.159 53.5859
249.792 46.0446
204.474 38.1343
294.799 55.6192
166.986 31.8675
206.194 39.7978
170.777 33.3332
135.388 26.7204
114.738 22.8947
385.24 77.7102
270.436 55.1418
237.999 49.0476
356.353 74.2172
196.691 41.3948
312.023 66.3501
227.802 48.94
24.4312 5.30228
321.368 70.4515
363.203 80.4206
52.6985 11.7844
115.102 25.9923
351.966 80.2565
375.185 86.3784
320.457 74.4859
178.161 41.8047
101.2 23.97
66.1362 15.8113
198.309 47.8494
246.789 60.0945
118.476 29.1126
379.508 94.0988
242.526 60.6737
195.858 49.4348
319.795 81.4301
349.649 89.8124
7.74428 2.00653
89.0106 23.2617
355.847 93.7925
366.28 97.3638
131.362 35.2132
40.5449 10.9596
140.862 38.3931
157.173 43.1929
188.884 52.3333
55.8617 15.6035
239.679 67.4896
331.889 94.2053
6.72996 1.92552
43.238 12.469
338.972 98.5224
74.8547 21.9267
350.066 103.339
59.4263 17.6781
303.651 91.0229
366.64 110.742
76.5342 23.292
184.521 56.5787
283.768 87.6614
10.5031 3.26873
350.193 109.791
379.523 119.86
38.1177 12.1261
259.027 83.0006
185.574 59.8931
139.8 45.4432
144.456 47.2916
146.256 48.2204
63.5867 21.1123
248.479 83.0793
108.041 36.3755
94.7056 32.1068
235.649 80.4399
179.683 61.7564
331.702 114.782
293.687 102.317
97.195 34.0901
198.018 69.9191
67.8417 24.1145
339.897 121.62
293.54 105.727
238.791 86.5732
359.792 131.296
34.7313 12.7567
76.9128 28.4328
40.301 14.9944
300.616 112.565
138.493 52.1893
61.7114 23.403
47.6481 18.184
50.4105 19.3593
330.202 127.603
72.6973 28.2683
275.652 107.852
162.836 64.1054
228.711 90.5933
291.689 116.247
136.441 54.7073
7.4191 2.99282
315.971 128.231
253.672 103.568
126.727 52.0496
330.871 136.706
86.8012 36.0769
115.326 48.2164
236.903 99.6294
40.5234 17.1421
192.315 81.8282
65.2736 27.9349
159.822 68.7953
285.401 123.56
88.9349 38.7244
291.293 127.563
82.3657 36.2753
158.179 70.0608
68.5108 30.5168
341.321 152.893
57.4411 25.875
134.813 61.0684
237.519 108.193
169.105 77.4575
149.868 69.0264
53.5373 24.7944
89.7463 41.7923
79.6965 37.3158
208.998 98.392
155.463 73.5875
353.96 168.453
345.488 165.31
174.823 84.1004
357.395 172.852
355.234 172.725
87.1455 42.5988
58.3365 28.6679
38.552 19.0457
322.427 160.128
89.4695 44.6677
315.496 158.338
6.24971 3.15295
42.8098 21.71
329.641 168.039
240.291 123.127
24.0033 12.363
123.439 63.9053
246.609 128.328
297.734 155.725
5.31084 2.79194
15.0308 7.94201
31.7946 16.885
350.233 186.939
333.097 178.69
298.394 160.879
331.466 179.608
278.396 151.607
128.951 70.5738
300.54 165.302
310.695 171.737
55.9476 31.0783
333.548 186.198
101.168 56.7539
212.551 119.824
121.811 69.0071
76.4761 43.5362
256.062 146.482
43.3483 24.9184
217.346 125.546
11.2433 6.52594
55.2843 32.2436
221.729 129.943
114.606 67.4871
336.507 199.108
339.528 201.856
151.094 90.2578
15.4335 9.26327
266.32 160.607
86.3803 52.3397
158.02 96.201
283.22 173.236
57.0824 35.0799
186.342 115.055
270.228 167.632
37.3414 23.2727
235.621 147.535
162.517 102.236
31.2771 19.7672
235.533 149.549
307.725 196.292
4.20976 2.69776
334.646 215.443
199.845 129.252
290.136 188.512
97.1385 63.4043
162.233 106.378
309.823 204.085
129.262 85.5355
204.866 136.183
185.453 123.839
299.797 201.103
306.839 206.76
178.046 120.518
191.851 130.449
170.108 116.187
28.8604 19.801
37.8762 26.1036
32.066 22.1985
151.887 105.619
36.0717 25.1959
211.201 148.182
252.578 178.004
135.489 95.9106
156.477 111.261
225.414 160.99
298.205 213.922
245.832 177.132
277.054 200.512
126.992 92.3144
209.177 152.728
127.411 93.4371
135.266 99.6345
168.822 124.897
3.21066 2.38573
225.197 168.069
206.441 154.746
26.3637 19.8483
16.7504 12.6659
91.5828 69.5528
45.3209 34.569
170.674 130.75
305.926 235.383
144.803 111.897
265.437 206.007
276.047 215.17
155.121 121.435
22.0114 17.306
189.928 149.971
76.7855 60.8932
3.91111 3.115
130.413 104.314
74.8421 60.1221
113.63 91.674
31.8559 25.8109
74.4627 60.5913
250.882 205.022
100.49 82.4726
126.554 104.308
169.474 140.28
129.192 107.394
158.905 132.658
234.492 196.595
305.986 257.629
132.869 112.347
179.893 152.756
269.359 229.699
3.03816 2.60184
166.04 142.799
286.83 247.729
197.924 171.668
285.79 248.928
286.773 250.843
82.6433 72.5953
235.474 207.72
139.227 123.337
83.6797 74.4427
182.708 163.227
266.477 239.069
28.232 25.4353
27.4371 24.8235
42.1878 38.3301
37.675 34.3743
253.635 232.39
225.92 207.869
114.578 105.867
8.06356 7.48191
78.2838 72.9428
205.185 191.99
61.9447 58.2053
189.104 178.436
222.121 210.472
289.052 275.045
216.899 207.256
25.2542 24.2328
12.9617 12.4898
255.117 246.861
185.033 179.797
43.6589 42.6017
212.848 208.566
19.2452 18.9373
275.279 272.012
41.1708 40.853
90.6706 90.3485
178.841 178.955
201.744 202.72
78.1343 78.8418
210.727 213.528
200.466 203.984
262.288 268.011
78.1688 80.21
98.8935 101.902
63.9334 66.1553
210.8 219.042
16.6058 17.3276
57.9932 60.7684
260.396 274.004
243.324 257.117
81.6142 86.6032
85.5384 91.1492
35.5045 37.9925
229.58 246.702
91.0812 98.2864
172.256 186.665
269.299 293.056
216.703 236.814
99.0103 108.655
57.1191 62.9477
224.596 248.559
181.266 201.453
251.58 280.778
164.442 184.303
39.8517 44.8536
233.907 264.379
113.041 128.308
67.2672 76.6755
7.89487 9.0372
257.28 295.755
170.888 197.277
194.641 225.652
70.3697 81.9275
37.0489 43.3172
241.848 283.969
179.161 211.259
145.168 171.905
52.7742 62.7605
22.4694 26.8352
56.9934 68.3575
1.27753 1.5388
214.72 259.739
26.6925 32.427
5.07133 6.18722
139.105 170.44
175.957 216.518
94.9853 117.383
1.88224 2.33606
208.384 259.74
210.336 263.301
184.884 232.437
52.1525 65.8492
117.652 149.191
192.065 244.606
108.403 138.654
136.983 175.968
125.587 162.028
183.288 237.498
15.2325 19.8235
205.381 268.445
116.953 153.529
24.7764 32.6669
225.987 299.257
164.062 218.203
13.7835 18.4123
30.4779 40.8913
35.1595 47.3794
133.11 180.16
15.9989 21.7493
153.034 208.954
235.669 323.203
99.2838 136.762
122.428 169.388
104.551 145.293
46.008 64.2204
132.975 186.437
89.7401 126.379
114.297 161.679
211.801 300.939
35.5776 50.7763
108.13 155.013
23.3862 33.6762
55.1613 79.7887
14.1737 20.5938
78.5657 114.667
35.5 52.0457
175.831 258.945
176.408 260.97
98.2586 146.018
30.6101 45.6949
129.825 194.683
186.382 280.768
39.6947 60.0694
184.654 280.711
67.9289 103.738
104.297 160.01
148.05 228.178
136.179 210.847
183.866 285.995
139.067 217.312
15.0431 23.6158
202.413 319.238
90.7315 143.763
123.942 197.3
130.951 209.43
37.5156 60.2792
111.641 180.223
18.3689 29.7923
5.23041 8.52307
170.971 279.916
98.1789 161.499
188.433 311.43
12.3811 20.5599
176.331 294.205
176.739 296.291
151.614 255.386
46.7988 79.2078
30.9195 52.5831
45.9614 78.5401
59.888 102.832
13.5391 23.3601
60.9555 105.681
175.73 306.15
122.512 214.476
93.4001 164.309
50.2205 88.7801
51.0154 90.628
3.90965 6.97959
37.0026 66.3838
184.802 333.18
71.9986 130.45
123.232 224.388
82.4808 150.934
114.17 209.967
150.371 277.929
185.34 344.282
171.869 320.869
131.69 247.099
145.226 273.879
140.452 266.222
141.753 270.058
49.994 95.7319
91.2878 175.7
176.788 342.01
96.0386 186.753
0.455462 0.890255
25.4014 49.9076
160.363 316.715
163.748 325.089
167.099 333.477
44.6111 89.4978
25.3214 51.0669
26.5414 53.8103
49.7739 101.447
169.298 346.892
61.1395 125.944
59.571 123.371
49.3549 102.762
150.436 314.913
34.7616 73.1617
55.9714 118.441
78.2676 166.524
76.6481 163.97
141.648 304.683
149.822 324.041
2.92437 6.35988
112.283 245.545
32.2886 71.0031
121.554 268.793
52.9079 117.651
80.0124 178.925
126.77 285.085
116.871 264.315
20.5265 46.6869
47.2663 108.12
39.4655 90.7936
156.704 362.586
146.469 340.863
70.3234 164.607
23.8474 56.1454
54.8506 129.894
135.091 321.794
7.31781 17.5342
100.019 241.075
87.3125 211.702
131.631 321.064
136.996 336.156
14.6429 36.1467
72.8356 180.887
82.4889 206.106
45.4639 114.289
53.681 135.773
5.1202 13.0301
64.3886 164.873
57.1684 147.295
7.19742 18.66
137.082 357.628
65.8523 172.883
22.302 58.9205
102.443 272.372
0.700154 1.87344
77.6294 209.052
76.1527 206.4
40.6135 110.791
24.9817 68.5924
86.082 237.905
128.544 357.598
6.72603 18.8351
124.37 350.594
102.364 290.492
49.8867 142.521
75.5313 217.244
116.531 337.446
51.9098 151.345
101.25 297.228
3.84563 11.3671
74.5252 221.815
19.6228 58.8128
33.0234 99.6717
11.2507 34.1968
59.3109 181.558
65.1011 200.706
11.9551 37.1224
16.7501 52.3873
117.995 371.722
111.205 352.893
28.9598 92.5761
86.5937 278.865
33.2844 107.987
103.855 339.469
15.6894 51.6705
70.1151 232.665
102.865 343.947
96.1694 324.03
7.3454 24.9408
86.3955 295.635
85.7759 295.815
103.68 360.382
66.1463 231.745
93.1782 329.062
77.6146 276.306
68.983 247.569
87.112 315.183
18.5064 67.5094
11.5437 42.4587
52.3271 194.069
28.9307 108.199
16.4023 61.8625
63.8192 242.751
5.29689 20.321
47.5389 183.957
65.022 253.803
2.7076 10.6616
54.9256 218.193
4.84163 19.4051
8.16164 33.0059
36.1781 147.632
50.2633 206.985
37.1967 154.588
37.8003 158.556
84.3606 357.173
5.23999 22.3951
25.5137 110.082
63.9906 278.749
13.9671 61.4322
75.1228 333.647
61.3668 275.242
23.0657 104.484
59.1452 270.612
37.0078 171.042
5.0262 23.4678
77.3512 364.891
82.1302 391.477
10.1637 48.9561
24.7504 120.484
78.2737 385.126
4.13944 20.588
0.390123 1.96158
76.0444 386.592
37.8081 194.357
24.9338 129.624
30.4541 160.13
19.5863 104.175
8.77039 47.192
7.76821 42.2925
37.5049 206.624
61.9631 345.487
31.5791 178.224
46.3774 264.972
14.4791 83.7577
61.5896 360.781
37.7301 223.842
39.8873 239.704
41.6541 253.602
60.1639 371.155
6.31767 39.4979
33.5126 212.372
61.0596 392.276
33.8362 220.418
34.8709 230.376
54.3126 363.97
45.5465 309.668
45.1845 311.742
17.247 120.775
20.6156 146.557
15.5058 111.931
39.597 290.312
30.0732 223.99
26.984 204.225
20.6261 158.665
44.0117 344.198
8.60818 68.4609
18.8923 152.837
5.54748 45.6643
28.5626 239.301
17.1162 146
3.77372 32.7835
28.8543 255.375
11.6803 105.354
37.6218 345.96
26.7184 250.58
2.59854 24.8646
18.8436 184.038
16.263 162.187
22.2729 226.91
26.4819 275.731
13.8405 147.351
13.0746 142.401
28.59 318.72
16.666 190.271
3.91779 45.8329
5.89878 70.7545
15.0648 185.389
28.169 355.887
2.07403 26.9202
26.6027 355.005
9.007 123.672
1.1993 16.9576
22.2486 324.238
3.5838 53.8809
3.79228 58.878
18.4067 295.427
12.1389 201.635
7.59825 130.779
21.1899 378.407
6.51198 120.825
20.3282 392.474
6.15451 123.847
7.74908 162.816
13.9069 305.684
8.02053 184.826
4.24987 102.912
0.509175 12.99
5.07908 136.906
9.72437 277.83
7.85968 238.871
3.2639 105.95
9.12572 317.869
3.16573 118.958
1.37246 55.9832
5.22236 232.941
7.90402 388.92
0.164016 8.99851
4 247.968
1.74022 123.988
4.21446 352.975
0.315003 31.9984
0.945342 121.996
1.69605 299.995
0.455462 127.999
0.179957 123
-0.198502 314
-0.700944 256.999
-0.897009 185.998
-1.11377 160.996
-2.77601 307.987
-4.17666 375.977
-1.94087 146.987
-3.4727 226.973
-5.98326 343.948
-5.69052 291.945
-2.22304 102.976
-2.1073 88.9751
-5.54102 214.929
-0.473733 16.9934
-8.8385 294.868
-5.38528 167.914
-5.0541 147.914
-8.55341 235.845
-10.3893 270.801
-1.69809 41.9657
-2.42387 56.9484
-4.81867 107.892
-14.8072 316.654
-10.4439 213.745
-11.1971 219.715
-13.512 254.642
-8.20699 148.774
-3.08731 53.9117
-2.3113 38.9314
-10.1237 164.689
-1.58617 24.9496
-11.0103 167.639
-0.879166 12.9702
-2.99789 42.8954
-6.17552 85.778
-9.23726 124.658
-14.2856 187.456
-28.1856 359.898
-7.85618 97.6846
-25.3341 306.956
-10.2053 120.569
-24.5458 282.937
-17.4377 196.227
-0.815427 8.96298
-3.24413 34.8493
-10.141 106.518
-36.226 372.241
-37.1048 373.16
-25.4598 250.711
-22.7885 219.822
-21.0398 198.89
-11.2647 104.394
-27.6694 251.482
-35.9976 320.988
-5.67649 49.6767
-26.0125 223.491
-19.1838 161.867
-24.7929 205.51
-39.3583 320.593
-8.30343 66.4835
-3.02425 23.8087
-24.7211 191.41
-0.780999 5.94895
-25.3908 190.314
-26.7297 197.197
-46.9203 340.785
-20.2168 144.593
-4.63803 32.6724
-8.27198 57.4071
-43.9869 300.801
-4.99007 33.6318
-18.0095 119.652
-39.6895 259.988
-33.8089 218.399
-60.7803 387.259
-19.0117 119.497
-6.3676 39.4899
-61.2782 375.027
-26.7854 161.798
-59.5413 355.042
-12.7268 74.9268
-34.4133 200.062
-37.2347 213.782
-36.6406 207.794
-43.4016 243.157
-62.2221 344.425
-8.27259 45.25
-25.8297 139.631
-65.3056 348.941
-8.55685 45.1971
-71.4692 373.219
-39.738 205.187
-73.0325 372.916
-51.4753 259.952
-22.3784 111.782
-2.18191 10.7814
-58.3189 285.096
-38.4676 186.065
-69.1252 330.856
-32.4304 153.614
-39.0105 182.886
-11.165 51.8106
-41.9036 192.492
-23.4084 106.457
-47.2627 212.815
-82.0674 365.91
-46.8288 206.763
-63.3131 276.853
-83.4659 361.489
-38.3658 164.588
-65.9683 280.343
-49.2234 207.234
-45.6942 190.599
-72.1974 298.39
-21.1114 86.4599
-71.0547 288.375
-11.8225 47.5524
-36.0096 143.552
-31.6488 125.057
-92.2692 361.408
-7.9808 30.9888
-36.96 142.278
-85.9216 327.931
-36.023 136.321
-86.78 325.635
-13.4956 50.2182
-11.7699 43.4335
-25.5669 93.5699
-40.3707 146.541
-58.6079 211.012
-30.4687 108.815
-57.3184 203.066
-36.9451 129.846
-91.802 320.096
-0.277695 0.960669
-32.7258 112.33
-81.98 279.214
-102.71 347.124
-30.2881 101.581
-65.3179 217.4
-115.031 379.97
-11.9619 39.2162
-13.2191 43.0146
-104.995 339.118
-68.7828 220.522
-46.1631 146.918
-85.3977 269.808
-90.2154 282.967
-13.7588 42.845
-92.3237 285.441
-13.6285 41.8362
-64.2164 195.735
-88.7828 268.713
-70.7188 212.544
-18.4264 54.9952
-37.0831 109.913
-94.8917 279.322
-69.9084 204.374
-50.7985 147.497
-27.847 80.3091
-21.753 62.3122
-57.3613 163.214
-44.3614 125.384
-129.175 362.683
-21.262 59.3037
-71.9663 199.411
-66.2381 182.342
-52.1971 142.757
-77.0173 209.278
-29.5235 79.708
-81.7359 219.261
-106.432 283.692
-26.1384 69.2299
-132.483 348.679
-99.999 261.534
-48.1188 125.062
-7.22101 18.6509
-107.449 275.809
-66.4218 169.447
-2.56833 6.51181
-104.754 263.974
-127.184 318.548
-112.569 280.236
-142.756 353.244
-61.3907 150.997
-54.1356 132.357
-151.443 368.061
-50.8653 122.889
-135.302 324.957
-54.8566 130.976
-15.1416 35.9407
-87.3994 206.246
-81.1656 190.424
-138.305 322.603
-140.96 326.904
-33.0239 76.1474
-145.127 332.727
-144.217 328.759
-147.731 334.86
-22.3055 50.2739
-106.349 238.35
-99.8889 222.617
-41.1291 91.1504
-50.8236 112.009
-61.851 135.556
-14.5954 31.8115
-82.5265 178.881
-64.8059 139.7
-107.793 231.097
-50.5292 107.739
-67.8153 143.813
-32.1304 67.769
-167.816 352.048
-23.7703 49.5981
-3.03854 6.30613
-119.89 247.49
-98.5158 202.286
-109.493 223.634
-35.3289 71.7765
-168.97 341.482
-114.014 229.209
-0.894485 1.78883
-161.682 321.651
-126.276 249.909
-14.0385 27.6391
-112.316 219.986
-141.999 276.69
-134.326 260.395
-125.205 241.47
-77.6447 148.981
-18.0971 34.547
-28.4189 53.9756
-110.853 209.477
-101.431 190.703
-64.1152 119.938
-97.4962 181.468
-147.764 273.654
-145.476 268.071
-24.4193 44.7738
-124.969 227.997
-44.8711 81.4591
-33.418 60.3675
-181.82 326.829
-124.435 222.578
-131.269 233.65
-44.2471 78.3722
-19.7383 34.7908
-34.1743 59.9426
-6.95937 12.1477
-14.4685 25.1329
-48.5708 83.9636
-13.5686 23.3429
-80.1921 137.296
-62.2578 106.08
-123.944 210.176
-93.288 157.437
-67.5275 113.42
-16.4279 27.4613
-163.823 272.554
-59.9677 99.2969
-15.0439 24.7928
-3.12327 5.123
-82.0063 133.88
-150.946 245.274
-86.2479 139.489
-73.3479 118.072
-147.19 235.837
-180.09 287.209
-29.8486 47.382
-100.004 158.013
-24.1449 37.974
-166.879 261.25
-28.0844 43.7638
-60.6868 94.1335
-25.0059 38.6097
-205.057 315.163
-21.8847 33.4822
-135.022 205.633
-47.3534 71.7889
-21.5424 32.5104
-208.347 312.998
-125.624 187.869
-129.363 192.586
-65.4423 96.9861
-2.24429 3.31107
-202.61 297.572
-38.3884 56.1278
-113.819 165.669
-55.095 79.8345
-45.577 65.7475
-207.43 297.895
-166.214 237.64
-33.3423 47.4583
-171.244 242.661
-12.7224 17.9483
-51.6199 72.5009
-48.8632 68.3256
-154.02 214.415
-131.064 181.654
-80.9792 111.742
-184.201 253.059
-46.0351 62.9664
-157.441 214.402
-28.4914 38.6295
-86.3122 116.513
-225.046 302.462
-181.98 243.514
-33.6165 44.7876
-208.883 277.086
-173.849 229.61
-166.46 218.897
-21.2442 27.8152
-134.51 175.352
-238.018 308.946
-211.126 272.857
-165.676 213.193
-76.9086 98.5396
-74.0303 94.4431
-47.0111 59.7156
-14.8851 18.8264
-131.833 166.024
-6.23494 7.81828
-6.87644 8.58572
-1.88029 2.33763
-27.6494 34.2273
-250.75 309.077
-48.6371 59.6945
-60.1609 73.5232
-78.0919 95.0298
-99.2956 120.318
-244.402 294.884
-205.356 246.719
-230.243 275.443
-145.95 173.861
-215.282 255.362
-138.277 163.326
-64.7754 76.185
-79.2205 92.7799
-134.094 156.381
-79.6086 92.4471
-196.235 226.918
-241.297 277.848
-51.2678 58.7844
-132.43 151.206
-230.491 262.059
-141.669 160.393
-203.717 229.67
-69.8396 78.4056
-10.0005 11.1799
-227.209 252.935
-53.5855 59.4019
-161.801 178.61
-102.285 112.436
-225.949 247.33
-60.1657 65.5827
-178.199 193.428
-30.5595 33.032
-161.311 173.631
-92.7752 99.4422
-49.2265 52.5429
-29.4648 31.3181
-232.123 245.689
-227.819 240.124
-235.22 246.886
-208.775 218.213
-51.9616 54.0832
-251.348 260.516
-240.064 247.779
-190.374 195.67
-235.509 241.049
-147.071 149.9
-10.5275 10.6851
-79.4754 80.3284
-116.999 117.76
-29.6644 29.7325
-24.7722 24.7253
-65.2515 64.8555
-117.981 116.775
-6.40983 6.31776
-92.0638 90.3618
-87.2469 85.2759
-204.948 199.48
-56.7269 54.9824
-44.6101 43.0574
-268.922 258.476
-231.897 221.956
-184.587 175.934
-1.45063 1.37684
-124.275 117.46
-270.159 254.274
-222.536 208.573
-73.1057 68.2316
-125.255 116.414
-278.886 258.114
-263.984 243.297
-45.6785 41.9222
-285.67 261.078
-198.946 181.056
-29.6394 26.8608
-72.7543 65.6568
-180.742 162.424
-205.673 184.051
-97.803 87.1526
-213.922 189.824
-76.4356 67.5396
-7.50755 6.60581
-30.8376 27.0193
-2.26055 1.97229
-24.9114 21.643
-300.993 260.398
-233.351 201.025
-185.955 159.517
-184.768 157.828
-85.3128 72.5654
-215.188 182.259
-169.703 143.125
-143.966 120.904
-81.3152 67.9988
-71.4674 59.5097
-183.214 151.91
-61.6913 50.9331
-35.5338 29.2121
-299.462 245.136
-92.2402 75.1847
-126.561 102.719
-269.108 217.478
-236.062 189.957
-277.821 222.602
-234.511 187.095
-147.989 117.56
-93.333 73.8238
-301.674 237.59
-310.04 243.128
-264.045 206.168
-135.002 104.955
-190.575 147.52
-266.92 205.725
-176.911 135.762
-309.894 236.783
-97.8919 74.4726
-51.0167 38.6432
-253.891 191.477
-221.506 166.326
-207.437 155.083
-60.1626 44.7823
-117.299 86.9307
-188.291 138.933
-205.506 150.971
-90.4002 66.1197
-169.76 123.619
-0.809611 0.586967
-110.274 79.5966
-183.526 131.887
-44.7307 32.0026
-169.416 120.673
-94.623 67.1005
-217.302 153.414
-67.905 47.7275
-261.368 182.887
-100.926 70.3063
-247.341 171.533
-58.4275 40.3388
-127.737 87.7962
-27.2348 18.6351
-76.8625 52.3561
-190.361 129.084
-235.388 158.898
-331.17 222.547
-7.4805 5.0042
-85.73 57.0908
-195.037 129.293
-142.724 94.1846
-174.682 114.749
-18.4128 12.0403
-14.2476 9.27401
-189.667 122.893
-42.0185 27.1007
-124.543 79.9572
-40.4464 25.8474
-29.5316 18.7852
-182.495 115.549
-208.962 131.695
-39.8145 24.9761
-19.5093 12.1815
-0.849337 0.527852
-111.408 68.9153
-297.188 182.976
-217.423 133.238
-128.06 78.1072
-249.607 151.526
-62.4811 37.7507
-77.1288 46.3804
-204.219 122.223
-208.771 124.353
-172.902 102.498
-70.6246 41.6673
-91.4079 53.6712
-323.774 189.197
-156.466 90.9913
-273.499 158.285
-116.984 67.3768
-207.355 118.848
-22.5845 12.8817
-231.333 131.306
-33.9575 19.1805
-154.297 86.7268
-219.062 122.527
-169.513 94.347
-28.8682 15.9883
-129.62 71.4335
-163.088 89.433
-235.257 128.368
-235.525 127.875
-219.076 118.35
-144.454 77.647
-69.6627 37.2573
-60.0299 31.9438
-60.0967 31.818
-330.898 174.306
-56.6866 29.7091
-175.566 91.5447
-306.245 158.868
-342.122 176.572
-182.365 93.6367
-104.194 53.2233
-215.742 109.634
-250.776 126.777
-310.004 155.905
-84.9608 42.5049
-233.663 116.287
-49.2905 24.4018
-173.144 85.2654
-37.7178 18.4762
-151.925 74.0265
-159.278 77.1972
-273.84 132.014
-9.91867 4.75604
-81.2341 38.7429
-88.5431 42.0013
-61.499 29.015
-340.389 159.723
-203.89 95.1519
-331.077 153.664
-323.227 149.198
-308.998 141.846
-211.048 96.3468
-254.046 115.333
-23.697 10.6983
-154.176 69.216
-264.81 118.218
-178.228 79.1184
-204.009 90.0517
-358.948 157.545
-99.901 43.5981
-307.315 133.35
-73.4553 31.6911
-355.66 152.561
-89.2248 38.0518
-11.9686 5.07467
-240.506 101.38
-184.458 77.2995
-182.773 76.1437
-130.27 53.9507
-278.335 114.588
-213.79 87.4922
-42.6093 17.3335
-139.989 56.6058
-343.308 137.984
-55.7183 22.2591
-156.142 61.9984
-306.031 120.773
-9.30953 3.6514
-178.889 69.7322
-150.128 58.159
-300.5 115.689
-325.025 124.349
-56.0836 21.322
-121.611 45.9431
-55.2363 20.7354
-252.974 94.3609
-51.572 19.1137
-330.316 121.636
-258.258 94.4869
-122.179 44.4106
-373.399 134.841
-123.305 44.2359
-111.152 39.6133
-115.948 41.049
-113.204 39.8107
-13.2168 4.6169
-144.546 50.1534
-227.849 78.5225
-354.792 121.439
-177.996 60.5087
-255.815 86.365
-114.724 38.464
-318.795 106.142
-292.432 96.6839
-312.586 102.621
-67.504 22.0048
-354.875 114.86
-54.2669 17.4386
-342.016 109.116
-287.904 91.1884
-345.332 108.582
-209.053 65.2512
-248.353 76.947
-363.212 111.7
-43.0396 13.1375
-1.91409 0.57988
-203.979 61.33
-13.4155 4.00298
-44.107 13.0603
-208.199 61.1743
-51.8416 15.1145
-5.76368 1.66732
-99.9642 28.6908
-179.851 51.2115
-229.037 64.6985
-360.128 100.915
-217.745 60.5245
-15.4245 4.25261
-271.049 74.1187
-93.6183 25.3894
-295.499 79.4753
-321.753 85.8139
-179.818 47.5554
-211.838 55.549
-327.125 85.0479
-17.4303 4.49267
-318.759 81.4482
-116.327 29.4639
-85.3513 21.4281
-44.6388 11.1075
-127.19 31.3659
-191.368 46.7677
-339.196 82.1419
-0.972398 0.233327
-347.32 82.5701
-96.3634 22.6957
-358.375 83.6133
-117.893 27.2455
-26.3193 6.02443
-380.349 86.2229
-58.5429 13.1424
-243.067 54.0319
-167.003 36.7564
-232.543 50.6709
-24.4379 5.27138
-350.109 74.7528
-48.9196 10.3379
-9.78823 2.04707
-241.875 50.0559
-245.898 50.3514
-21.562 4.36811
-241.204 48.3381
-226.591 44.916
-92.244 18.0843
-226.777 43.9661
-380.079 72.8612
-111.024 21.0422
-337.134 63.1651
-82.5956 15.296
-68.8562 12.6024
-77.7388 14.0599
-272.68 48.7273
-27.5736 4.86774
-266.971 46.5535
-129.1 22.2333
-22.6745 3.85605
-242.604 40.7348
-69.0578 11.4465
-165.796 27.1243
-309.986 50.0473
-329.841 52.544
-244.993 38.5015
-26.6814 4.1358
-226.37 34.6035
-353.013 53.2057
-227.503 33.8016
-216.689 31.731
-84.1287 12.1395
-87.1241 12.3854
-290.169 40.6298
-5.94376 0.819558
-313.128 42.5074
-176.432 23.5744
-75.3514 9.90763
-107.108 13.8549
-327.361 41.6485
-143.879 17.9987
-294.78 36.2487
-275.992 33.3516
-57.5956 6.83759
-311.887 36.3639
-339.781 38.8947
-375.637 42.2019
-256.447 28.2672
-344.99 37.2956
-300.318 31.8298
-282.48 29.3409
-120.378 12.2487
-39.8029 3.96576
-375.22 36.5912
-108.507 10.3521
-209.092 19.5063
-242.992 22.1554
-101.598 9.04884
-220.169 19.1446
-236.152 20.0358
-26.9081 2.22619
-123.599 9.96503
-326.994 25.6741
-80.7646 6.17103
-157.566 11.7072
-398.962 28.8026
-45.8874 3.21617
-277.36 18.8557
-14.9676 0.986037
-1.99595 0.12729
-367.302 22.6518
-95.8301 5.7084
-204.662 11.761
-72.8884 4.03536
-220.687 11.7543
-318.583 16.2991
-170.795 8.3793
-99.8899 4.69089
-190.808 8.55983
-57.947 2.47791
-47.9604 1.9502
-388.711 14.9904
-247.835 9.03758
-122.927 4.2248
-53.9719 1.74171
-285.87 8.62566
-180.929 5.07982
-318.892 8.28469
-151.957 3.62919
-236.944 5.16223
-305.941 6.02415
-253.961 4.46834
-313.962 4.86604
-135.988 1.82266
-304.98 3.44859
-49.9979 0.460586
-288.993 2.05668
-181.998 0.913885
-107 0.313095
-28 0.023265
-122 -0.15425
-279.998 -0.940682
-163.998 -0.894586
-121.997 -0.921099
-33.9984 -0.327935
-52.9963 -0.622234
-136.987 -1.89544
-212.973 -3.39316
-9.99837 -0.180253
-332.933 -6.7
-292.928 -6.50897
-380.887 -9.26195
-225.921 -5.96733
-328.866 -9.37603
-137.935 -4.22182
-151.919 -4.96844
-352.786 -12.2777
-340.768 -12.5744
-192.853 -7.52097
-198.832 -8.1714
-87.918 -3.7977
-292.7 -13.2579
-335.623 -15.9069
-295.638 -14.6327
-80.8924 -4.17371
-215.689 -11.5818
-210.672 -11.7552
-321.462 -18.6127
-334.399 -20.0649
-368.29 -22.873
-140.71 -9.03493
-316.305 -20.9754
-347.188 -23.7541
-351.128 -24.7629
-23.9369 -1.73853
-65.8164 -4.91888
-30.9089 -2.37515
-95.7022 -7.55584
-262.14 -21.2491
-186.357 -15.4992
-292.937 -24.9816
-296.869 -25.9435
-179.283 -16.0463
-285.803 -26.1837
-368.385 -34.528
-149.316 -14.3107
-123.409 -12.0888
-79.6024 -7.96602
-217.865 -22.2635
-15.9137 -1.6599
-363.945 -38.7329
-67.6029 -7.33794
-297.186 -32.8881
-144.086 -16.251
-318.902 -36.6446
-122.166 -14.2974
-6.95083 -0.828239
-17.8691 -2.1672
-32.7515 -4.04183
-376.048 -47.2079
-390.828 -49.8952
-210.236 -27.2877
-100.132 -13.2101
-306.26 -41.0569
-64.4054 -8.77153
-353.633 -48.917
-282.229 -39.6428
-7.91988 -1.12938
-154.391 -22.3464
-153.355 -22.5245
-64.2901 -9.58048
-149.304 -22.5691
-328.166 -50.3098
-201.579 -31.3357
-104.708 -16.5017
-44.4366 -7.09855
-289.234 -46.8256
-234.861 -38.528
-304.819 -50.6604
-371.768 -62.588
-286.86 -48.9118
-379.386 -65.5065
-87.6703 -15.3268
-389.94 -69.0128
-188.007 -33.6805
-330.61 -59.9422
-363.925 -66.7705
-260.549 -48.3681
-111.058 -20.8576
-384.13 -72.9761
-107.042 -20.568
-98.1638 -19.0755
-4.90618 -0.964056
-76.5047 -15.1996
-186.28 -37.415
-258.721 -52.5294
-188.08 -38.5974
-192.895 -40.0068
-115.491 -24.2055
-15.6528 -3.3149
-126.145 -26.9908
-104.585 -22.6069
-301.887 -65.9179
-207.025 -45.6591
-323.082 -71.9656
-4.8781 -1.09732
-128.721 -29.2389
-364.535 -83.6076
-241.607 -55.9467
-115.876 -27.0882
-141.124 -33.3024
-256.815 -61.1716
-71.95 -17.2974
-241.98 -58.7105
-3.88524 -0.951283
-131.059 -32.3805
-355.131 -88.5313
-17.4563 -4.39058
-325.679 -82.6401
-131.752 -33.7257
-263.362 -68.0033
-294.186 -76.6203
-299.828 -78.7609
-313.195 -82.9743
-141.053 -37.6853
-52.1408 -14.0477
-385.044 -104.604
-75.2288 -20.6065
-109.886 -30.3475
-83.812 -23.3356
-178.117 -49.9949
-75.0535 -21.2362
-243.298 -69.3916
-347.909 -100.017
-366.909 -106.312
-152.625 -44.57
-93.0539 -27.3855
-222.424 -65.9655
-184.919 -55.2641
-329.389 -99.1921
-331.094 -100.463
-237.165 -72.5051
-294.354 -90.6636
-191.97 -59.5692
-213.797 -66.8336
-50.5527 -15.9193
-379.371 -120.34
-281.957 -90.09
-309.373 -99.5648
-290.139 -94.0458
-86.507 -28.2409
-261.243 -85.8909
-160.435 -53.1201
-110.044 -36.6918
-218.038 -73.208
-360.93 -122.027
-9.46649 -3.22265
-209.06 -71.6588
-113.435 -39.1475
-167.195 -58.093
-319.043 -111.603
-283.91 -99.9816
-50.8963 -18.0436
-140.331 -50.081
-98.8171 -35.4991
-200.306 -72.4324
-123.099 -44.8056
-132.395 -48.5034
-322.757 -119.011
-307.507 -114.12
-31.8509 -11.8963
-176.914 -66.5002
-139.362 -52.7182
-6.54201 -2.49041
-244.662 -93.7252
-13.063 -5.0356
-210.704 -81.7306
-227.3 -88.7166
-346.255 -135.982
-41.8512 -16.5372
-181.205 -72.041
-185.696 -74.2774
-371.079 -149.333
-184.456 -74.6796
-209.304 -85.2508
-224.856 -92.1348
-82.2838 -33.9173
-156.111 -64.732
-100.6 -41.9611
-361.472 -151.664
-143.724 -60.6572
-131.631 -55.8784
-87.3689 -37.3051
-264.628 -113.648
-360.782 -155.839
-119.234 -51.7996
-14.6616 -6.40607
-339.654 -149.253
-42.0745 -18.5939
-141.641 -62.9504
-272.976 -122.006
-299.17 -134.466
-204.119 -92.2583
-229.415 -104.271
-103.684 -47.3878
-74.5082 -34.2421
-99.8536 -46.1439
-290.201 -134.845
-245.524 -114.712
-266.101 -125.005
-342.697 -161.864
-124.658 -59.1988
-285.163 -136.154
-20.7347 -9.95344
-246.765 -119.093
-206.029 -99.9659
-33.2546 -16.2214
-47.5861 -23.3358
-292.398 -144.15
-277.76 -137.658
-124.414 -61.9847
-254.827 -127.625
-16.9706 -8.54392
-52.6425 -26.6415
-212.129 -107.914
-29.3814 -15.0244
-263.259 -135.316
-303.843 -156.982
-201.455 -104.618
-106.38 -55.5278
-134.6 -70.6173
-21.2292 -11.1946
-101.611 -53.8539
-105.911 -56.4174
-350.878 -187.853
-180.525 -97.137
-258.607 -139.851
-174.845 -95.0275
-19.3075 -10.546
-312.95 -171.789
-28.0192 -15.4572
-27.1121 -15.031
-242.852 -135.304
-69.8036 -39.0826
-234.439 -131.907
-289.003 -163.405
-110.421 -62.7389
-212.763 -121.478
-185.619 -106.496
-4.33168 -2.49731
-144.503 -83.7132
-144.327 -84.0158
-281.396 -164.597
-171.562 -100.834
-284.148 -167.809
-173.718 -103.083
-3.43567 -2.04846
-120.956 -72.4618
-296.44 -178.436
-239.591 -144.901
-186.302 -113.206
-269.708 -164.663
-230.151 -141.175
-255.394 -157.397
-230.408 -142.665
-59.4375 -36.9754
-225.568 -140.979
-191.396 -120.181
-246.119 -155.262
-229.745 -145.606
-26.9929 -17.1867
-3.3696 -2.15541
-270.048 -173.538
-68.0509 -43.9326
-327.209 -212.213
-262.249 -170.865
-255.196 -167.032
-10.0267 -6.59279
-131.836 -87.0815
-254.975 -169.186
-158.929 -105.936
-51.5174 -34.4957
-251.417 -169.111
-271.777 -183.634
-149.762 -101.649
-209.037 -142.522
-216.989 -148.61
-246.336 -169.469
-316.731 -218.876
-205.371 -142.558
-284.64 -198.467
-294.871 -206.521
-186.477 -131.188
-12.2501 -8.65645
-300.907 -213.58
-109.924 -78.3694
-223.584 -160.11
-46.2732 -33.2835
-34.0446 -24.5961
-99.5509 -72.2401
-96.9749 -70.6814
-108.123 -79.1543
-214.303 -157.577
-280.738 -207.334
-312.429 -231.752
-46.5107 -34.6518
-34.4282 -25.7624
-55.1585 -41.4552
-182.774 -137.967
-31.0781 -23.5617
-136.844 -104.2
-295.493 -225.982
-12.689 -9.74628
-174.984 -134.987
-275.094 -213.136
-194.147 -151.072
-267.896 -209.361
-117.995 -92.6125
-163.351 -128.765
-163.081 -129.107
-187.858 -149.364
-223.49 -178.461
-126.38 -101.351
-73.2084 -58.9622
-136.839 -110.684
-135.055 -109.71
-27.8948 -22.757
-239.794 -196.466
-58.6871 -48.289
-59.3566 -49.0488
-203.925 -169.232
-9.98646 -8.3229
-253.826 -212.446
-185.251 -155.712
-287.32 -242.535
-19.8327 -16.8126
-96.7029 -82.3259
-32.6835 -27.9426
-199.543 -171.324
-233.264 -201.127
-291.809 -252.673
-102.627 -89.24
-40.6745 -35.5188
-56.3888 -49.45
-19.5122 -17.1836
-247.946 -219.28
-50.0954 -44.4911
-128.363 -114.485
-256.247 -229.508
-277.327 -249.437
-2.9684 -2.68115
-105.179 -95.4016
-269.1 -245.115
-136.506 -124.864
-127.407 -117.032
-229.332 -211.544
-167.264 -154.941
-27.8232 -25.8818
-97.1913 -90.7902
-59.805 -56.1013
-93.8984 -88.4539
-260.071 -246.022
-112.377 -106.754
-1.44714 -1.3805
-280.183 -268.405
-85.0392 -81.8067
-266.11 -257.071
-199.537 -193.569
-236.379 -230.272
-160.123 -156.641
-151.948 -149.268
-15.6618 -15.4502
-215.97 -213.947
-77.2755 -76.8732
-239.833 -239.586
-173.673 -174.223
-177.535 -178.845
-269.958 -273.091
-277.102 -281.496
-259.71 -264.937
-135.515 -138.823
-28.5782 -29.3987
-156.493 -161.663
-65.9318 -68.3959
-202.213 -210.652
-266.724 -279.024
-21.3739 -22.4535
-256.609 -270.704
-18.5338 -19.6341
-109.586 -116.58
-129.843 -138.711
-68.1854 -73.1488
-155.793 -167.838
-251.828 -272.44
-17.6083 -19.1298
-251.36 -274.23
-156.404 -171.353
-215.906 -237.541
-94.6184 -104.539
-222.943 -247.357
-208.397 -232.195
-71.9689 -80.5262
-232.685 -261.453
-194.995 -220.029
-154.171 -174.7
-236.318 -268.92
-21.7315 -24.8343
-144.53 -165.865
-132.385 -152.572
-90.8765 -105.178
-26.088 -30.3218
-119.712 -139.732
-227.157 -266.27
-39.4928 -46.49
-211.185 -249.66
-60.5571 -71.8947
-95.1078 -113.395
-55.7682 -66.7751
-247.449 -297.553
-101.409 -122.463
-90.9732 -110.331
-55.2066 -67.2401
-31.0139 -37.9359
-251.894 -309.435
-174.423 -215.187
-209.772 -259.907
-16.9135 -21.046
-99.9668 -124.927
-26.1725 -32.8481
-246.741 -311.011
-43.391 -54.9292
-132.3 -168.204
-166.476 -212.569
-102.078 -130.905
-21.4646 -27.6455
-233.026 -301.43
-199.456 -259.126
-55.355 -72.2276
-161.364 -211.465
-31.4582 -41.4051
-139.965 -185.024
-181.69 -241.232
-146.387 -195.209
-25.7257 -34.4556
-48.3238 -65.0062
-7.1389 -9.64553
-112.712 -152.957
-167.996 -228.983
-87.8867 -120.32
-22.3497 -30.7326
-219.334 -302.933
-149.113 -206.858
-139.933 -194.984
-119.758 -167.612
-187.805 -264.017
-168.758 -238.296
-193.612 -274.61
-39.0668 -55.6577
-52.1244 -74.5925
-200.448 -288.135
-34.1614 -49.3255
-57.8985 -83.9748
-22.0703 -32.1543
-94.7818 -138.71
-152.423 -224.072
-219.799 -324.58
-100.057 -148.424
-49.0369 -73.071
-193.313 -289.368
-213.749 -321.415
-126.962 -191.783
-124.359 -188.709
-63.627 -96.9928
-110.991 -169.97
-172.22 -264.946
-95.6106 -147.765
-79.5978 -123.585
-53.9719 -84.1845
-47.34 -74.1817
-209.113 -329.199
-179.564 -283.994
-202.405 -321.609
-200.138 -319.49
-174.072 -279.177
-32.6935 -52.6796
-191.294 -309.681
-148.745 -241.932
-47.4987 -77.6201
-97.2727 -159.709
-32.6582 -53.8743
-156.527 -259.438
-133.332 -222.044
-186.219 -311.595
-99.6839 -167.595
-54.5055 -92.0769
-56.8504 -96.4988
-141.62 -241.544
-170.849 -292.8
-133.074 -229.164
-64.5457 -111.691
-56.8335 -98.8228
-26.3263 -45.9992
-8.90824 -15.6411
-85.796 -151.377
-6.87759 -12.1942
-44.0488 -78.4838
-159.446 -285.492
-3.88618 -6.99268
-113.242 -204.774
-26.5158 -48.1862
-160.89 -293.836
-7.65487 -14.05
-91.9816 -169.671
-106.343 -197.148
-119.644 -222.922
-158.745 -297.269
-159.06 -299.367
-135.065 -255.497
-66.1009 -125.677
-110.347 -210.873
-172.708 -331.735
-107.163 -206.894
-151.162 -293.343
-76.1857 -148.609
-177.191 -347.424
-73.3 -144.468
-18.4746 -36.6018
-179.042 -356.574
-37.9826 -76.0416
-32.0385 -64.4789
-127.613 -258.184
-123.101 -250.374
-148.058 -302.734
-55.9947 -115.103
-63.5937 -131.422
-109.723 -227.969
-8.63595 -18.0394
-159.925 -335.869
-34.2411 -72.3018
-25.141 -53.3754
-32.2409 -68.8224
-55.3245 -118.744
-98.3793 -212.315
-94.1675 -204.346
-152.066 -331.815
-139.344 -305.744
-16.925 -37.3436
-108.477 -240.684
-113.698 -253.686
-27.6809 -62.1109
-92.7811 -209.363
-118.553 -269.038
-124.41 -283.94
-75.0877 -172.354
-62.4045 -144.065
-128.161 -297.575
-28.7352 -67.1066
-57.5807 -135.253
-89.6487 -211.809
-99.6765 -236.883
-0.385914 -0.922535
-3.45582 -8.31007
-60.7452 -146.939
-14.064 -34.2229
-7.18521 -17.589
-132.432 -326.137
-110.789 -274.485
-41.33 -103.019
-101.489 -254.511
-135.59 -342.11
-31.5191 -80.0159
-3.28096 -8.38065
-12.691 -32.6181
-142.816 -369.35
-118.009 -307.107
-137.343 -359.669
-81.5986 -215.039
-52.5697 -139.418
-18.2445 -48.6943
-87.2231 -234.291
-47.1822 -127.553
-128.326 -349.165
-96.3816 -263.954
-43.3103 -119.387
-15.5966 -43.2752
-76.181 -212.773
-72.0488 -202.568
-11.9929 -33.9436
-83.121 -236.837
-52.6691 -151.083
-78.8558 -227.734
-3.25222 -9.45638
-2.90916 -8.51685
-120.471 -355.122
-40.5475 -120.353
-21.5754 -64.4865
-51.3935 -154.686
-86.4731 -262.104
-6.53768 -19.9564
-55.6787 -171.172
-77.1406 -238.852
-24.4271 -76.1795
-117.09 -367.812
-69.6108 -220.262
-45.2014 -144.076
-56.496 -181.406
-38.395 -124.201
-50.4551 -164.433
-107.504 -352.993
-43.6896 -144.541
-65.5109 -218.386
-42.5129 -142.806
-28.6146 -96.8618
-63.0117 -214.955
-83.5081 -287.102
-20.2413 -70.1376
-37.9866 -132.669
-40.1678 -141.406
-32.0056 -113.577
-71.0732 -254.253
-10.6879 -38.5457
-59.4 -215.981
-16.0526 -58.8499
-1.56682 -5.79181
-38.3487 -142.945
-87.9243 -330.505
-53.5633 -203.054
-47.8239 -182.849
-72.5416 -279.748
-50.543 -196.607
-30.6219 -120.159
-73.7208 -291.833
-66.3083 -264.825
-68.4027 -275.639
-29.1361 -118.47
-54.6974 -224.431
-48.5931 -201.216
-73.7697 -308.297
-30.9103 -130.386
-64.2463 -273.557
-17.2212 -74.0232
-59.7311 -259.207
-67.6433 -296.379
-52.0304 -230.193
-38.661 -172.726
-57.3403 -258.722
-54.4404 -248.097
-22.5022 -103.584
-32.5868 -151.536
-46.0097 -216.158
-38.3418 -182.005
-56.7365 -272.149
-4.04073 -19.5876
-57.7954 -283.162
-56.8061 -281.322
-76.5877 -383.426
-27.9103 -141.269
-59.8308 -306.21
-15.7458 -81.4928
-15.575 -81.5256
-23.7559 -125.776
-63.8696 -342.089
-8.52925 -46.2196
-65.1267 -357.11
-58.1711 -322.8
-65.3826 -367.225
-18.5351 -105.382
-18.9989 -109.362
-17.9242 -104.474
-43.4281 -256.347
-42.396 -253.479
-13.5205 -81.8914
-42.1376 -258.589
-0.635049 -3.94927
-14.7292 -92.8389
-4.79333 -30.6272
-15.2553 -98.8295
-41.834 -274.834
-48.6786 -324.368
-56.1938 -379.866
-46.0205 -315.663
-40.2402 -280.124
-45.5381 -321.794
-11.5955 -83.1958
-15.9081 -115.913
-52.2174 -386.488
-41.6532 -313.243
-24.3905 -186.411
-39.8296 -309.447
-22.1022 -174.607
-8.64511 -69.4641
-35.2124 -287.854
-1.67079 -13.8999
-27.0874 -229.406
-22.5754 -194.696
-32.6856 -287.146
-33.1941 -297.152
-35.6216 -325.054
-26.2855 -244.592
-38.7642 -367.964
-6.77715 -65.6511
-2.71619 -26.863
-15.4668 -156.236
-22.1788 -228.928
-4.90588 -51.7681
-21.6806 -233.998
-1.35257 -14.9389
-28.4513 -321.745
-34.1409 -395.529
-14.4324 -171.393
-9.57311 -116.608
-10.8437 -135.567
-17.3923 -223.324
-6.19553 -81.7656
-7.27311 -98.7325
-24.2679 -339.133
-1.10858 -15.9615
-4.90528 -72.835
-0.52084 -7.98303
-11.1535 -176.648
-9.01658 -147.725
-8.94237 -151.737
-2.04263 -35.942
-11.2028 -204.694
-2.78544 -52.9268
-3.33056 -65.9159
-10.3512 -213.75
-14.6237 -315.661
-11.267 -254.751
-12.9219 -306.728
-1.19993 -29.976
-5.15493 -135.902
-12.7842 -356.771
-12.1715 -360.795
-1.80245 -56.9715
-7.11619 -240.895
-10.7813 -392.852
-7.52564 -296.905
-8.15873 -350.905
-6.64095 -313.93
-3.88716 -203.963
-5.5289 -325.953
-5.32161 -357.96
-2.11979 -165.986
-3.18106 -297.983
-0.755002 -87.9968
-1.53032 -235.995
-0.351134 -79.9992
-0.190398 -82.9998
-0.0232501 -117
0.280685 -148
1.53283 -383.997
1.52783 -250.995
1.61188 -196.993
2.88792 -280.985
0.222703 -17.9986
1.2442 -85.991
0.0993746 -5.99918
5.05614 -270.953
2.36575 -113.975
7.28816 -318.917
0.773188 -30.9904
8.21897 -303.889
5.01044 -171.927
9.46111 -302.852
11.0619 -331.816
12.6778 -357.775
6.6387 -176.875
6.69248 -168.867
8.2971 -198.827
3.19647 -72.93
2.84459 -61.9347
9.73859 -202.766
14.8196 -295.629
7.19788 -137.812
2.33279 -42.9367
2.19737 -38.938
8.29772 -141.757
8.35261 -137.747
11.1459 -177.651
8.41209 -129.728
2.67196 -39.9107
0.964453 -13.9667
11.7826 -165.581
2.04594 -27.9252
3.60763 -47.8642
30.204 -389.832
6.58496 -82.7384
24.6719 -301.994
29.8978 -356.749
10.6145 -123.545
13.504 -153.407
19.4813 -216.124
10.5641 -114.514
26.0237 -275.775
21.6077 -223.96
38.4628 -390.108
7.71573 -76.6124
33.5507 -326.28
16.2821 -155.148
5.42927 -50.7102
40.4852 -370.796
1.10622 -9.93863
21.5265 -189.783
24.4494 -211.592
16.8288 -143.013
10.1105 -84.3965
11.2556 -92.3164
5.1705 -41.6805
42.9389 -340.302
20.4896 -159.691
3.23357 -24.79
10.3822 -78.3148
28.3013 -210.102
2.57589 -18.8246
17.4814 -125.791
16.9065 -119.813
37.0093 -258.363
44.6002 -306.775
14.3026 -96.9507
16.2819 -108.788
27.3162 -179.938
0.304321 -1.97671
53.5181 -342.848
19.6939 -124.451
60.1805 -375.204
12.6746 -77.9766
17.2256 -104.591
28.8003 -172.614
11.6648 -69.0213
61.4086 -358.783
61.6479 -355.697
30.7644 -175.321
0.349794 -1.96917
31.4988 -175.191
15.0378 -82.643
30.0597 -163.256
46.3351 -248.721
20.0018 -106.132
25.6547 -134.577
17.0387 -88.3724
73.2967 -375.921
6.96353 -35.3201
35.9695 -180.45
8.88935 -44.1133
13.772 -67.6116
35.6916 -173.364
13.0367 -62.6581
23.4555 -111.561
29.9232 -140.857
39.8713 -185.769
65.8999 -303.938
6.84621 -31.2591
65.8771 -297.801
39.2464 -175.669
61.8425 -274.11
9.55131 -41.9258
72.8539 -316.729
83.2443 -358.461
64.1376 -273.582
87.0485 -367.84
33.6872 -141.033
73.59 -305.255
46.0979 -189.473
28.1353 -114.597
83.2022 -335.847
32.9803 -131.941
59.6664 -236.592
2.71222 -10.6604
62.3974 -243.12
64.9117 -250.734
53.0569 -203.187
16.5541 -62.8567
18.9961 -71.5203
8.53805 -31.8764
85.266 -315.688
0.525549 -1.92971
94.7968 -345.221
68.5715 -247.683
13.9794 -50.0857
102.111 -362.908
19.3736 -68.3057
75.043 -262.483
106.328 -368.985
64.4281 -221.833
49.723 -169.872
2.54638 -8.63226
61.2622 -206.087
1.43474 -4.78973
96.5108 -319.753
77.6863 -255.448
54.1983 -176.883
89.9647 -291.43
116.114 -373.361
99.2573 -316.815
6.62126 -20.98
73.9232 -232.532
20.1274 -62.8561
20.259 -62.8138
92.6845 -285.324
119.09 -364.014
91.6888 -278.284
62.0393 -186.976
41.515 -124.248
11.7991 -35.0682
51.3408 -151.539
95.2448 -279.201
40.2809 -117.275
0.653654 -1.89017
124.289 -356.982
110.813 -316.142
103.489 -293.276
129.543 -364.675
45.1191 -126.176
112.781 -313.32
42.2409 -116.583
8.90816 -24.4263
68.5733 -186.812
93.2234 -252.33
2.09112 -5.62381
135.287 -361.516
0.70489 -1.87167
129.712 -342.244
66.9963 -175.657
61.6311 -160.579
60.166 -155.785
37.6718 -96.9373
33.8689 -86.6135
67.0021 -170.293
117.05 -295.674
9.2507 -23.2255
74.7668 -186.577
88.9925 -220.736
144.33 -355.844
37.7801 -92.5887
2.65818 -6.47565
86.6408 -209.815
32.9908 -79.4205
94.0736 -225.136
146.467 -348.47
93.0692 -220.134
123.663 -290.798
147.868 -345.704
107.888 -250.777
147.33 -340.492
17.1587 -39.4282
71.7716 -163.981
90.6474 -205.932
157.06 -354.79
102.491 -230.217
16.7535 -37.4208
66.0959 -146.807
121.258 -267.829
152.067 -334.013
29.9705 -65.4658
117.085 -254.344
57.9688 -125.234
156.549 -336.353
39.8431 -85.1383
3.83184 -8.14353
37.6336 -79.5469
140.033 -294.392
77.659 -162.386
46.3661 -96.4323
120.99 -250.291
126.759 -260.83
143.109 -292.909
153.421 -312.355
25.6792 -52.0055
142.279 -286.63
137.075 -274.699
20.1768 -40.2231
97.2529 -192.868
47.472 -93.6558
156.17 -306.508
133.108 -259.897
135.941 -264.063
88.6978 -171.411
79.3666 -152.594
8.33925 -15.9517
15.815 -30.0979
149.907 -283.846
76.423 -143.974
173.689 -325.566
83.6414 -155.991
140.421 -260.572
31.908 -58.9142
174.021 -319.707
4.7992 -8.77312
47.2122 -85.8779
124.767 -225.826
122.327 -220.318
90.6295 -162.426
7.82535 -13.9558
62.8365 -111.515
103.967 -183.608
192.877 -338.967
129.554 -226.576
83.6967 -145.667
192.504 -333.417
99.3611 -171.264
192.892 -330.88
137.481 -234.698
29.4205 -49.9843
14.7626 -24.9613
71.0092 -119.493
205.063 -343.437
71.5093 -119.195
39.2351 -65.0892
16.5774 -27.3713
0.519836 -0.854266
149.706 -244.861
125.619 -204.499
159.659 -258.699
187.077 -301.707
8.98886 -14.4292
131.042 -209.373
130.416 -207.405
173.042 -273.92
93.2381 -146.91
33.87 -53.1208
186.627 -291.353
183.99 -285.915
7.60072 -11.7571
60.458 -93.0904
106.006 -162.477
78.3892 -119.6
78.0897 -118.6
113.645 -171.816
189.824 -285.685
173.212 -259.503
19.4918 -29.0701
34.0775 -50.5937
154.666 -228.592
121.417 -178.644
67.0981 -98.2794
216.051 -315.033
13.6153 -19.7642
88.1996 -127.459
125.565 -180.647
118.501 -169.725
97.0376 -138.364
74.8671 -106.278
113.79 -160.813
62.5668 -88.0307
156.297 -218.935
75.7552 -105.646
201.045 -279.136
65.0607 -89.9339
203.977 -280.718
185.7 -254.442
92.8206 -126.623
48.0251 -65.2272
89.1883 -120.605
28.0248 -37.7308
1.1959 -1.60306
129.52 -172.86
151.529 -201.353
150.745 -199.439
57.4417 -75.6667
95.1917 -124.85
156.859 -204.839
231.055 -300.424
33.6217 -43.5268
186.34 -240.195
194.833 -250.058
238.495 -304.777
88.3617 -112.433
159.847 -202.517
6.21203 -7.83649
181.87 -228.445
112.407 -140.587
97.6742 -121.638
143.127 -177.479
77.4136 -95.5831
131.88 -162.138
179.034 -219.171
226.428 -276.006
22.8913 -27.7847
128.135 -154.863
248.609 -299.19
98.6691 -118.239
253.715 -302.744
146.814 -174.441
2.58209 -3.05497
7.76544 -9.14865
36.9768 -43.3787
235.412 -275
88.6584 -103.13
60.7743 -70.3952
118.568 -136.758
15.103 -17.3464
236.964 -271.013
54.1043 -61.6176
3.96829 -4.5003
78.2282 -88.3422
116.291 -130.773
73.9352 -82.7925
104.152 -116.139
260.989 -289.801
183.117 -202.478
35.6324 -39.2343
29.6498 -32.5098
15.5343 -16.9613
215.27 -234.057
242.221 -262.255
215.569 -232.42
258.312 -277.337
153.696 -164.324
121.178 -129.015
94.0024 -99.6621
196.674 -207.642
74.4327 -78.2546
120.874 -126.548
238.124 -248.26
151.927 -157.731
140.438 -145.193
50.1656 -51.647
161.295 -165.363
212.722 -217.176
220.89 -224.572
29.5147 -29.8811
46.4786 -46.8587
221.592 -222.47
113.15 -113.124
89.2924 -88.8981
225.116 -223.185
82.5479 -81.4975
275.253 -270.614
23.5804 -23.086
5.72818 -5.58462
96.8602 -94.0378
270.322 -261.347
262.944 -253.151
228.826 -219.381
74.4995 -71.1255
65.2267 -62.0119
133.618 -126.5
275.041 -259.3
58.3246 -54.7562
138.793 -129.755
269.346 -250.752
25.6671 -23.795
228.513 -210.957
114.845 -105.577
292.829 -268.068
11.0853 -10.1053
35.5405 -32.2625
33.3825 -30.1763
288.376 -259.583
159.352 -142.838
169.35 -151.161
189.099 -168.079
110.825 -98.0907
291.83 -257.209
218.712 -191.953
196.525 -171.752
110.135 -95.8455
53.6562 -46.4975
167.317 -144.381
240.431 -206.596
95.7376 -81.9165
168.221 -143.327
5.33778 -4.52859
42.0141 -35.4938
94.8903 -79.8238
190.881 -159.892
295.655 -246.603
278.478 -231.288
142.563 -117.901
250.11 -205.963
80.4207 -65.9432
78.2349 -63.8772
195.533 -158.968
18.6539 -15.1007
105.106 -84.7215
219.925 -176.513
223.419 -178.549
267.612 -212.95
294.707 -233.503
143.672 -113.346
19.6598 -15.4432
270.175 -211.316
47.3383 -36.8657
313.732 -243.271
314.241 -242.614
45.1907 -34.7391
186.612 -142.832
69.9922 -53.3394
127.461 -96.7139
264.902 -200.127
110.284 -82.9543
112.058 -83.922
39.2819 -29.2904
177.446 -131.734
195.413 -144.439
51.5465 -37.9337
292.815 -214.542
110.681 -80.7386
71.2028 -51.7122
231.761 -167.58
305.965 -220.26
83.7185 -60.0018
33.3748 -23.8143
154.895 -110.035
290.655 -205.562
252.655 -177.894
12.2829 -8.60992
223.876 -156.232
119.904 -83.3015
179.294 -124.006
87.3059 -60.1139
320.858 -219.935
110.685 -75.5298
289.516 -196.673
268.39 -181.501
102.033 -68.6896
162.818 -109.116
0.83187 -0.554971
195.762 -130.008
199.371 -131.804
264.803 -174.265
87.8316 -57.5379
128.996 -84.1188
16.7756 -10.8894
174.703 -112.884
227.085 -146.057
59.7952 -38.2823
96.9811 -61.8034
121.599 -77.134
40.5868 -25.6264
250.616 -157.504
313.682 -196.224
189.304 -117.868
29.7501 -18.4372
157.454 -97.1241
73.2895 -44.9961
239.777 -146.52
142.683 -86.779
116.345 -70.4267
203.004 -122.304
323.329 -193.874
18.033 -10.7616
213.227 -126.643
249.647 -147.567
86.1917 -50.7048
200.211 -117.216
241.066 -140.458
121.977 -70.7285
116.928 -67.474
2.60155 -1.49397
303.878 -173.661
276.425 -157.204
326.361 -184.699
89.7465 -50.5427
225.067 -126.131
282.973 -157.804
245.704 -136.347
249.491 -137.765
173.531 -95.3471
18.4259 -10.074
193.254 -105.132
65.9571 -35.7025
325.757 -175.45
226.524 -121.392
38.8257 -20.7018
4.41693 -2.34323
307.759 -162.444
201.858 -106.006
272.099 -142.167
268.847 -139.751
26.6474 -13.781
224.08 -115.291
148.657 -76.0918
274.464 -139.762
16.9493 -8.5862
83.05 -41.8533
114.426 -57.3649
334.688 -166.912
55.541 -27.5536
206.253 -101.783
284.563 -139.688
181.517 -88.6322
113.339 -55.0481
333.159 -160.951
316.37 -152.024
321.199 -153.517
249.268 -118.497
250.42 -118.402
340.256 -160.006
324.286 -151.667
218.517 -101.642
139.769 -64.657
295.253 -135.833
145.495 -66.567
282.166 -128.383
331.633 -150.052
224.338 -100.939
220.897 -98.8348
116.948 -52.0313
60.3572 -26.7022
247.144 -108.719
114.524 -50.093
41.2663 -17.947
29.3716 -12.7008
173.633 -74.6506
324.589 -138.747
248.491 -105.603
167.65 -70.8334
240.634 -101.076
309.131 -129.086
313.095 -129.971
33.2779 -13.7326
316.412 -129.797
200.011 -81.5581
265.981 -107.81
308.874 -124.442
39.9182 -15.9855
13.0075 -5.17734
217.592 -86.0798
178.685 -70.2554
17.6969 -6.91529
371.937 -144.442
111.019 -42.8467
339.861 -130.349
245.755 -93.6658
230.053 -87.1296
102.951 -38.7448
258.516 -96.6727
339.333 -126.085
186.684 -68.9207
163.357 -59.9202
320.388 -116.759
46.0732 -16.6812
111.977 -40.2769
198.696 -70.9991
261.042 -92.6606
231.057 -81.4722
71.7276 -25.1228
66.1132 -23.0009
355.38 -122.803
142.822 -49.0182
216.753 -73.8849
141.132 -47.778
251.184 -84.4482
24.6618 -8.23383
356.896 -118.326
143.427 -47.2189
362.141 -118.383
109.382 -35.5034
77.0955 -24.8452
346.687 -110.924
162.975 -51.7686
126.843 -39.9988
144.104 -45.1103
276.938 -86.0556
250.361 -77.2224
92.7507 -28.3957
115.773 -35.179
52.6576 -15.8801
381.289 -114.116
44.0962 -13.0969
272.415 -80.2885
156.447 -45.7534
190.156 -55.1795
242.163 -69.7212
182.693 -52.1849
304.029 -86.1549
199.276 -56.0195
161.826 -45.1261
82.8877 -22.9267
104.152 -28.5735
163.071 -44.3706
24.1367 -6.51314
312.987 -83.7547
309.296 -82.0728
65.7618 -17.3027
113.211 -29.5337
200.406 -51.8322
68.7753 -17.6341
285.909 -72.6697
315.152 -79.3997
350.245 -87.4611
179.582 -44.4446
171.905 -42.1626
61.2178 -14.8788
182.774 -44.0173
30.1535 -7.19501
295.846 -69.9378
8.76291 -2.05217
169.499 -39.3203
111.105 -25.5288
362.726 -82.5448
141.452 -31.8784
148.351 -33.1066
191.383 -42.2892
240.316 -52.5738
130.964 -28.3634
289.424 -62.0473
163.363 -34.6642
287.724 -60.4229
133.155 -27.6718
149.864 -30.8168
35.2773 -7.17712
189.206 -38.081
377.59 -75.1737
239.403 -47.1411
63.8015 -12.4244
132.565 -25.5269
139.494 -26.5583
246.669 -46.4278
38.342 -7.13356
109.17 -20.0745
285.327 -51.8492
382.877 -68.7474
299.327 -53.0985
242.308 -42.4602
356.697 -61.7349
346.969 -59.3027
310.608 -52.4185
32.5513 -5.42327
332.533 -54.6865
342.518 -55.5917
7.89934 -1.2651
196.561 -31.0577
14.8211 -2.30998
33.6053 -5.16556
151.272 -22.9281
216.595 -32.3649
335.382 -49.3966
392.883 -57.0248
339.546 -48.557
188.142 -26.5033
34.668 -4.80956
230.856 -31.5343
144.698 -19.4566
236.934 -31.3538
281.623 -36.6672
305.505 -39.1258
226.213 -28.4894
66.4923 -8.23258
349.422 -42.5197
154.897 -18.5195
103.29 -12.1299
26.8223 -3.09292
329.893 -37.3403
166.973 -18.5453
74.5588 -8.12295
135.231 -14.4463
94.4835 -9.89323
11.9373 -1.22466
33.8297 -3.399
117.433 -11.5505
110.489 -10.6338
64.7139 -6.09144
68.7097 -6.32235
288.835 -25.9671
63.7548 -5.5971
60.7773 -5.2074
56.802 -4.74693
132.561 -10.7985
75.7618 -6.01182
233.305 -18.0213
203.427 -15.2847
252.328 -18.4273
22.9424 -1.62715
25.9387 -1.78504
284.368 -18.971
369.23 -23.8554
12.9747 -0.810981
186.66 -11.2746
91.8441 -5.35443
301.524 -16.9448
83.8774 -4.53738
320.567 -16.6676
215.732 -10.7636
101.884 -4.86936
195.796 -8.9466
269.744 -11.7592
351.697 -14.5937
318.753 -12.5577
83.9416 -3.13086
129.92 -4.57318
160.912 -5.32657
129.938 -4.02872
170.929 -4.94119
296.893 -7.96002
145.955 -3.60721
181.953 -4.11543
332.93 -6.83232
327.944 -6.04263
251.966 -4.11459
239.976 -3.41586
226.983 -2.75525
272.986 -2.74162
365.988 -2.90875
63.9989 -0.374542
260.998 -0.98058
333 -0.553374
78 0.0338095
