2000
89 0
7.99996 0.0251428
13.9997 0.0879994
212.991 2.00826
236.981 2.97935
122.985 1.93278
183.967 3.46951
46.9886 1.03392
76.9757 1.9358
274.89 7.77753
367.818 11.5638
364.782 12.6161
113.919 4.29841
256.786 10.4974
133.87 5.8941
197.78 9.33083
20.9735 1.05555
149.786 8.01047
147.763 8.36811
6.98752 0.417752
149.704 9.42236
31.9303 2.11047
9.97611 0.690878
60.8407 4.40559
196.44 14.8453
393.781 31.0038
284.049 23.2627
119.568 10.1706
387.495 34.1878
178.257 16.292
202.098 19.1117
269.715 26.3614
157.202 15.8635
183.011 19.0492
200.848 21.5441
210.719 23.273
36.7634 4.17736
112.237 13.1107
23.829 2.85948
34.7374 4.27927
258.94 32.7251
38.6767 5.01153
97.1475 12.8985
43.5988 5.9282
94.0931 13.0953
337.595 48.0665
117.759 17.1441
39.5644 5.88711
193.774 29.456
154.154 23.9292
112.595 17.8406
71.0771 11.4912
288.109 47.509
84.8097 14.259
132.075 22.6327
306.365 53.4913
0.984552 0.175093
267.647 48.4666
134.73 24.8351
339.086 63.6069
58.9364 11.2473
183.574 35.6314
359.074 70.8673
55.8863 11.2124
230.262 46.9505
134.151 27.7929
277.912 58.4882
80.1888 17.1395
208.154 45.1754
82.0326 18.0736
158.095 35.3532
290.612 65.9461
313.791 72.2438
71.0871 16.6017
110.931 26.2748
333.515 80.1034
220.555 53.7065
319.413 78.8431
205.662 51.4513
103.719 26.2945
186.932 48.0161
167.424 43.5667
225.305 59.3849
114.008 30.4332
116.808 31.5742
32.794 8.97521
310.31 85.9762
76.0652 21.3327
177.008 50.2429
165.315 47.4859
165.165 48.0053
283.017 83.2245
274.128 81.5474
204.924 61.6623
379.801 115.586
285.772 87.9524
341.829 106.382
282.351 88.8464
37.1647 11.823
343.666 110.519
318.591 103.561
347.715 114.238
125.275 41.5944
195.3 65.5266
255.705 86.6884
192.993 66.1048
64.2613 22.237
207.677 72.5963
242.337 85.5677
60.2812 21.4983
303.889 109.455
48.8677 17.7748
354.823 130.325
295.343 109.533
294.061 110.11
217.011 82.0377
82.2163 31.3763
269.681 103.891
35.4166 13.7717
49.3363 19.3631
115.285 45.6649
310.139 123.976
307.893 124.202
81.5062 33.1773
9.25018 3.79924
157.973 65.4638
235.266 98.3614
298.532 125.916
314.698 133.901
317.032 136.072
144.995 62.7732
359.243 156.871
215.981 95.122
311.641 138.423
39.2428 17.5786
318.967 144.084
8.19031 3.73079
173.567 79.7215
303.983 140.782
200.245 93.5037
324.806 152.912
42.4602 20.1527
187.628 89.7765
17.1132 8.25457
160.08 77.8358
284.649 139.513
272.554 134.649
323.154 160.912
76.8631 38.5753
107.974 54.6142
163.929 83.5653
268.626 138.001
333.018 172.406
252.681 131.824
105.332 55.3735
212.082 112.345
245.251 130.904
147.96 79.5729
273.438 148.165
101.815 55.5843
298.787 164.338
119.833 66.4015
253.217 141.354
242.312 136.267
70.4766 39.9255
338.726 193.3
130.045 74.7551
293.369 169.869
89.8369 52.3959
60.356 35.4563
132.537 78.4209
46.3875 27.6442
23.1502 13.8949
160.889 97.2558
252.832 153.922
329.074 201.757
303.763 187.555
46.7072 29.042
77.9754 48.8246
165.794 104.539
336.838 213.872
101.102 64.6403
313.626 201.91
272.712 176.785
183.391 119.703
111.981 73.5953
258.524 171.071
117.342 78.1789
144.501 96.9307
53.8661 36.3792
149.677 101.773
152.657 104.502
36.2294 24.9686
110.917 76.9573
35.2519 24.6232
98.979 69.6
168.136 119.022
251.642 179.324
286.83 205.762
253.753 183.244
128.61 93.4904
196.912 144.089
255.235 188.001
245.003 181.655
320.565 239.245
107.137 80.4841
70.1921 53.0761
232.355 176.847
301.656 231.093
159.967 123.347
48.9795 38.0132
264.789 206.84
290.865 228.686
6.27341 4.9643
21.12 16.821
83.4879 66.9237
136.201 109.883
96.2629 78.163
272.564 222.74
49.4295 40.6537
77.8039 64.4015
269.683 224.66
86.5933 72.5989
282.787 238.603
142.542 121.04
207.54 177.358
156.184 134.322
20.4153 17.6696
257.135 223.97
16.5439 14.5017
129.736 114.445
182.472 161.988
211.046 188.543
262.508 236.006
80.0867 72.4577
119.048 108.39
115.758 106.062
94.1037 86.7669
60.1102 55.7743
181.996 169.936
40.8106 38.347
90.8256 85.8819
63.0265 59.9722
94.6177 90.6008
215.308 207.469
27.2806 26.4531
281.278 274.467
27.8273 27.3247
51.2147 50.6069
211.313 210.121
16.9652 16.9759
21.8444 21.996
165.069 167.263
13.3035 13.5653
244.277 250.656
11.8266 12.212
123.429 128.255
69.1152 72.2709
135.02 142.076
269.146 284.999
193.659 206.362
150.725 161.626
36.0247 38.8745
34.5475 37.5163
64.8083 70.8229
180.301 198.282
12.7383 14.0974
138.297 154.023
79.8911 89.54
193.716 218.491
235.997 267.87
234.495 267.858
55.1314 63.3761
86.9756 100.619
72.9759 84.9618
49.338 57.808
184.982 218.123
112.768 133.822
73.1861 87.4059
151.578 182.19
203.888 246.636
57.76 70.3191
82.8305 101.489
232.417 286.607
127.365 158.074
89.3695 111.634
229.082 288.003
225.075 284.798
176.626 224.943
36.9059 47.307
58.1986 75.0861
140.94 183.022
219.357 286.712
105.294 138.525
181.995 241.002
75.6154 100.788
206.174 276.618
129.728 175.199
143.99 195.744
36.5812 50.0582
62.8602 86.5887
79.5508 110.307
61.1499 85.3562
78.276 109.99
102.175 144.531
167.809 238.964
156.187 223.907
90.556 130.693
44.222 64.2528
6.20792 9.08084
166.281 244.881
43.055 63.8378
120.771 180.287
101.37 152.359
127.354 192.723
148.695 226.563
217.878 334.261
66.8412 103.253
163.857 254.872
132.92 208.186
131.729 207.758
43.6919 69.3903
96.4902 154.317
98.1147 158.017
181.59 294.518
59.0027 96.3726
19.2202 31.6162
54.7784 90.7487
80.1971 133.807
8.69355 14.609
202.456 342.66
31.8764 54.3406
175.135 300.719
92.0998 159.291
91.5987 159.58
150.508 264.128
21.6637 38.2973
84.7042 150.845
132.431 237.584
12.1032 21.8749
130.453 237.535
25.3668 46.5352
86.6061 160.073
49.2015 91.6254
143.918 270.044
135.12 255.467
160.808 306.36
97.4775 187.134
80.3581 155.459
99.4941 193.971
6.35035 12.4769
166.343 329.38
170.682 340.63
60.9887 122.676
112.801 228.694
40.8769 83.5349
52.842 108.852
88.5118 183.798
32.3286 67.6747
58.2365 122.9
106.342 226.255
129.714 278.25
112.891 244.165
82.1127 179.071
10.3489 22.7574
80.1633 177.761
71.4397 159.754
94.8532 213.913
84.1184 191.325
19.9801 45.8344
46.8128 108.317
71.2835 166.372
116.891 275.204
83.818 199.074
116.315 278.702
23.6992 57.2918
75.8679 185.052
31.9965 78.7478
41.8338 103.894
95.2439 238.7
60.6668 153.442
93.3768 238.363
53.9119 138.905
93.6712 243.612
29.5445 77.5637
98.1394 260.101
44.4598 118.964
69.7734 188.501
9.29292 25.3504
25.9335 71.4385
80.8475 224.91
102.942 289.227
122.306 347.081
14.8224 42.4888
39.8229 115.318
36.2258 105.98
15.703 46.4157
25.0818 74.9127
88.6915 267.69
59.8126 182.446
26.5341 81.8043
77.914 242.805
109.826 345.987
56.6157 180.321
76.2143 245.439
21.7228 70.7398
15.1083 49.7568
59.8076 199.216
108.973 367.17
43.3526 147.772
35.9256 123.897
67.491 235.521
59.6667 210.715
18.0515 64.5224
104.961 379.762
7.37427 27.0115
49.9841 185.38
68.4413 257.044
40.9358 155.709
12.8122 49.3644
25.0657 97.8402
14.2175 56.2304
45.5113 182.408
34.6595 140.797
67.9617 279.866
10.7144 44.7348
85.9696 363.985
83.918 360.358
23.0456 100.389
11.9167 52.6687
8.26928 37.0893
49.7742 226.598
20.9359 96.761
59.6025 279.72
52.974 252.503
16.9889 82.2641
1.19502 5.87979
9.21618 46.0875
46.3215 235.487
5.3178 27.4904
70.2499 369.379
6.61487 35.3871
21.4981 117.042
14.0276 77.7446
58.971 332.816
0.514124 2.95562
32.6459 191.233
59.7947 357.027
58.6723 357.214
39.2671 243.859
5.14379 32.5966
45.3719 293.514
8.53065 56.358
45.5778 307.642
53.791 371.122
50.8001 358.418
36.2259 261.503
23.0661 170.446
24.8882 188.363
13.5546 105.13
9.35672 74.4141
30.7742 251.121
14.8146 124.119
1.61554 13.9065
14.7078 130.172
21.83 198.805
16.3279 153.132
20.0654 193.965
13.5691 135.321
2.02955 20.9017
15.7108 167.264
31.7259 349.563
4.45009 50.8055
8.83317 104.628
1.86285 22.9244
13.1584 168.487
25.7807 344.035
9.59336 133.656
18.3465 267.371
22.2092 339.274
10.8202 173.663
1.12191 18.9668
6.87694 122.808
21.0032 397.445
14.1951 285.648
9.29878 199.784
1.77752 40.9614
13.1902 327.735
13.6802 368.746
7.22767 212.877
4.03369 130.938
4.2028 151.942
1.93615 78.9763
7.6491 357.918
0.164016 8.99851
0.0603262 3.99955
0.0238779 1.99986
2.22546 252.99
0.30529 53.9991
0.8461 336.999
-0.0866077 137
-0.00377502 0.999993
-0.463495 66.9984
-0.110666 10.9994
-0.937428 70.9938
-6.40753 391.948
-7.26905 372.929
-4.72972 208.946
-8.40173 325.892
-6.30322 217.909
-10.9308 340.825
-0.985497 27.9827
-3.29699 85.9368
-10.7012 257.778
-6.55875 146.854
-17.5268 366.581
-16.7447 328.574
-11.6174 214.686
-6.91786 120.802
-23.7018 392.285
-4.94884 77.8428
-18.843 282.372
-20.0789 287.299
-19.9618 273.272
-25.9877 341.011
-17.7231 223.298
-14.2298 172.414
-30.3118 353.704
-11.3301 127.498
-29.785 323.632
-24.1677 253.852
-29.469 299.554
-25.4598 250.711
-12.0822 115.369
-29.0735 269.436
-42.0649 378.671
-41.2113 360.653
-9.09883 77.4675
-9.22248 76.4457
-16.3447 131.992
-36.9211 290.664
-43.2578 332.195
-42.9792 322.146
-25.0413 183.297
-3.46179 24.7592
-53.0938 371.222
-51.9451 355.222
-23.7963 159.232
-25.353 166.076
-19.0981 122.52
-17.1262 107.646
-0.640897 3.94832
-16.6592 100.63
-38.9436 230.737
-54.4171 316.354
-26.5835 151.688
-20.9101 117.148
-19.1325 105.276
-42.9283 232.063
-1.84989 9.82741
-23.1334 120.805
-25.0423 128.584
-54.1948 273.686
-60.9745 302.924
-43.4887 212.598
-65.5227 315.263
-12.8069 60.6629
-0.838548 3.91112
-57.006 261.867
-2.15779 9.76442
-45.3012 201.982
-10.8737 47.7783
-65.2429 282.566
-49.484 211.283
-14.559 61.2947
-31.8447 132.219
-33.9205 138.919
-7.68827 31.0627
-51.338 204.659
-51.4883 202.559
-4.7386 18.3996
-13.8843 53.2187
-66.4254 251.372
-33.6075 125.581
-89.19 329.129
-94.9865 346.206
-83.4962 300.62
-1.35321 4.8134
-10.9467 38.473
-91.5839 318.078
-109.366 375.393
-63.8955 216.78
-74.0058 248.202
-7.79617 25.8499
-82.8583 271.644
-40.6768 131.869
-115.531 370.4
-46.0163 145.916
-3.34131 10.4802
-52.454 162.756
-80.532 247.214
-15.3235 46.5423
-31.2552 93.9368
-101.981 303.315
-70.1234 206.414
-63.6296 185.384
-15.0702 43.4614
-115.042 328.435
-112.404 317.702
-48.7933 136.544
-70.9479 196.589
-53.0748 145.63
-98.7756 268.402
-5.57307 14.998
-27.0471 72.0934
-61.9854 163.655
-16.0713 42.0323
-118.464 306.932
-39.2044 100.633
-67.6971 172.169
-1.84427 4.64744
-51.3046 128.109
-33.3473 82.5164
-83.4497 204.639
-104.259 253.389
-13.0361 31.4016
-88.0796 210.3
-42.0348 99.484
-61.1683 143.508
-100.328 233.346
-93.5015 215.598
-116.621 266.609
-73.0584 165.6
-70.3264 158.061
-70.0041 156.014
-71.3186 157.616
-58.115 127.368
-56.0072 121.734
-3.78736 8.16431
-5.084 10.8698
-157.383 333.754
-54.0983 113.795
-102.861 214.624
-6.5253 13.5063
-94.1373 193.296
-100.032 203.771
-141.03 285.017
-147.281 295.311
-168.867 335.946
-180.317 355.931
-144.147 282.331
-177.975 345.899
-130.268 251.235
-125.037 239.303
-123.925 235.369
-179.497 338.334
-131.059 245.168
-150.323 279.091
-53.8976 99.3179
-113.696 207.948
-78.1625 141.897
-143.144 257.943
-171.281 306.372
-125.134 222.186
-137.675 242.666
-21.3361 37.3332
-123.232 214.063
-194.635 335.65
-183.584 314.313
-153.64 261.158
-142.226 240.027
-134.268 224.98
-77.7904 129.42
-89.0718 147.14
-187.396 307.38
-20.4058 33.2356
-175.125 283.232
-209.843 337.009
-64.2798 102.514
-44.8474 71.0261
-64.3863 101.264
-71.1747 111.167
-208.069 322.743
-43.0143 66.2629
-37.7512 57.7568
-126.991 192.962
-40.8753 61.6864
-118.767 178.018
-209.657 312.122
-99.1561 146.619
-213.303 313.278
-30.5316 44.5401
-82.9264 120.163
-45.6459 65.6997
-130.105 186.015
-60.451 85.8526
-230.738 325.516
-174.836 245.017
-200.692 279.39
-185.748 256.878
-230.104 316.122
-218.684 298.458
-132.96 180.271
-20.8634 28.1019
-175.994 235.504
-210.396 279.702
-34.4076 45.4436
-163.053 213.95
-35.3012 46.0199
-183.339 237.459
-213.538 274.782
-154.64 197.706
-201.034 255.363
-52.1668 65.8379
-61.1024 76.6192
-104.533 130.237
-127.564 157.912
-98.4107 121.043
-160.218 195.804
-99.8052 121.194
-150.598 181.704
-39.7136 47.6112
-255.895 304.831
-56.7913 67.2216
-116.596 137.133
-245.105 286.448
-204.894 237.938
-89.0675 102.776
-204.414 234.384
-88.3924 100.711
-240.307 272.069
-96.3316 108.375
-252.68 282.478
-14.7189 16.351
-36.2542 40.0204
-45.1379 49.5134
-67.6019 73.6884
-196.038 212.345
-88.4828 95.2407
-55.3179 59.1687
-219.273 233.065
-182.879 193.161
-231.081 242.542
-80.9716 84.4547
-181.915 188.55
-148.373 152.821
-147.455 150.924
-2.10325 2.13923
-199.744 201.887
-50.0943 50.3146
-238.521 238.069
-89.4592 88.7302
-74.7814 73.7072
-270.046 264.498
-164.818 160.421
-7.1879 6.95227
-240.805 231.45
-218.39 208.59
-186.406 176.924
-285.897 269.651
-26.9962 25.3023
-230.508 214.688
-254.667 235.699
-39.0102 35.8776
-234.737 214.529
-49.5989 45.0439
-172.977 156.102
-106.462 95.4711
-268.025 238.838
-214.87 190.263
-184.686 162.503
-91.0921 79.6444
-219.674 190.852
-236.168 203.884
-75.8999 65.1091
-78.3873 66.8164
-266.314 225.561
-157.612 132.645
-23.0137 19.245
-195.361 162.327
-59.3779 49.0231
-262.094 215.006
-131.772 107.407
-34.1928 27.6921
-217.364 174.911
-180.423 144.252
-198.884 157.991
-269.241 212.504
-49.5749 38.8758
-193.266 150.577
-275.187 213.017
-264.757 203.616
-212.952 162.712
-205.498 155.996
-285.029 214.96
-234.484 175.688
-75.4038 56.1272
-47.4384 35.0799
-83.8142 61.5726
-118.741 86.6577
-136.824 99.1974
-6.49161 4.67535
-123.619 88.4436
-30.9742 22.0137
-139.694 98.623
-257.901 180.864
-193.646 134.897
-51.8066 35.8479
-36.2609 24.9228
-2.47766 1.6915
-43.0381 29.1843
-192.424 129.603
-43.2207 28.9132
-123.271 81.9043
-18.3622 12.1173
-64.4007 42.2084
-267.351 174.024
-41.9901 27.1447
-22.7206 14.5868
-91.0653 58.0612
-87.0229 55.1
-70.2645 44.1803
-223.084 139.293
-7.649 4.74265
-186.488 114.819
-118.593 72.5036
-150.448 91.3308
-322.88 194.621
-68.6452 41.0833
-30.0886 17.8795
-318.672 188.011
-111.31 65.2003
-108.057 62.8393
-36.3732 20.9998
-14.7491 8.4536
-228.588 130.064
-257.728 145.575
-18.3172 10.2704
-207.085 115.259
-19.2567 10.6387
-226.219 124.052
-122.965 66.929
-80.9437 43.7278
-2.64394 1.4176
-130.653 69.5248
-331.599 175.12
-147.031 77.0579
-1.77437 0.922836
-230.155 118.784
-139.74 71.5657
-289.736 147.236
-331.271 167.035
-102.847 51.4533
-88.6768 44.0161
-28.7078 14.1373
-17.9701 8.77936
-330.255 160.064
-125.273 60.2303
-270.78 129.143
-214.236 101.35
-2.71587 1.27439
-319.13 148.526
-100.782 46.5197
-209.129 95.7354
-142.047 64.4875
-12.7659 5.74724
-142.45 63.5933
-211.23 93.5036
-171.233 75.1556
-132.956 57.8582
-44.0732 19.0146
-137.915 58.9876
-31.3025 13.2722
-1.84377 0.774927
-208.62 86.9115
-307.793 127.093
-23.1374 9.46886
-207.577 84.189
-102.065 41.0222
-309.366 123.214
-37.2074 14.6836
-151.808 59.3588
-341.286 132.212
-246.472 94.5921
-213.118 81.0238
-125.402 47.2253
-86.1987 32.1526
-200.74 74.1593
-27.2345 9.96407
-222.826 80.7306
-181.663 65.172
-158.309 56.2328
-298.103 104.835
-80.2743 27.9471
-159.778 55.0635
-374.795 127.847
-299.398 101.079
-168.826 56.4066
-367.438 121.483
-256.617 83.9493
-358.681 116.091
-128.57 41.1673
-248.818 78.8085
-143.14 44.8426
-74.5059 23.0841
-325.084 99.6018
-256.488 77.7039
-119.744 35.8663
-157.251 46.5627
-214.981 62.9224
-250.72 72.5283
-364.402 104.174
-124.142 35.0677
-320.743 89.5159
-243.9 67.2444
-70.4349 19.1813
-269.426 72.4628
-333.441 88.557
-166.375 43.6275
-18.3937 4.76153
-136.611 34.9064
-332.588 83.8693
-130.035 32.3567
-372.927 91.5522
-315.87 76.4932
-158.541 37.8662
-50.6151 11.921
-229.884 53.3808
-247.596 56.6743
-117.058 26.4075
-306.518 68.1366
-123.083 26.9547
-291.3 62.8349
-90.9703 19.3237
-105.713 22.1083
-29.3839 6.04889
-340.091 68.8969
-277.541 55.3177
-49.066 9.61929
-166.926 32.1811
-101.198 19.18
-195.635 36.4419
-269.523 49.3294
-106.296 19.1097
-225.513 39.8111
-312.345 54.1284
-110.415 18.7773
-137.105 22.8732
-285.208 46.6603
-6.91168 1.10846
-22.7211 3.5707
-316.275 48.6856
-249.186 37.5569
-15.8287 2.33483
-361.258 52.1282
-108.921 15.3676
-20.8032 2.86845
-208.121 28.0306
-326.192 42.8896
-287.643 36.9016
-2.9768 0.372387
-90.3313 11.0119
-251.236 29.826
-377.489 43.6118
-234.525 26.3483
-94.4389 10.3095
-66.6268 7.06158
-259.631 26.6927
-20.8965 2.08202
-268.753 25.9243
-214.07 19.9708
-230.068 20.734
-202.237 17.5853
-289.984 24.2972
-222.279 17.921
-246.262 19.0758
-26.9258 2.0006
-219.445 15.6116
-340.215 23.1288
-22.9518 1.48788
-136.74 8.43288
-322.448 18.8686
-383.413 21.2271
-334.544 17.4671
-298.641 14.6515
-174.816 8.02592
-146.866 6.28023
-196.846 7.79774
-263.825 9.62065
-167.907 5.59455
-165.924 5.0065
-45.9832 1.24283
-115.967 2.76964
-234.949 4.87253
-93.9855 1.65364
-210.978 3.04883
-64.9958 0.734945
-91.9969 0.7511
-183.998 0.923928
-355.999 0.668749
-340 -0.429878
-30.9997 -0.136623
-128.996 -0.973949
-380.978 -4.07392
-6.99933 -0.0968473
-179.974 -3.05601
-111.977 -2.25345
-79.9784 -1.86098
-245.914 -6.49542
-218.904 -6.47052
-145.922 -4.77232
-182.883 -6.55654
-363.724 -14.1846
-347.691 -14.6539
-161.834 -7.33032
-55.9344 -2.70974
-387.485 -19.9926
-94.8579 -5.19324
-135.773 -7.86128
-355.338 -21.6949
-295.392 -18.967
-112.744 -7.59514
-327.187 -23.0745
-22.9378 -1.69013
-195.424 -15.0171
-345.895 -27.6736
-227.216 -18.8974
-313.833 -27.0947
-118.526 -10.6084
-132.433 -12.2727
-129.407 -12.4026
-250.774 -24.8303
-374.052 -38.2241
-174.037 -18.3375
-119.299 -12.9493
-259.386 -28.9801
-165.908 -19.0644
-254.233 -30.0236
-373.265 -45.2704
-375.105 -46.6904
-48.6055 -6.20525
-10.907 -1.4273
-23.7872 -3.18889
-350.712 -48.1385
-116.853 -16.4135
-45.5325 -6.54162
-281.975 -41.416
-90.9809 -13.6554
-281.709 -43.1876
-71.1339 -11.1342
-363.393 -58.0504
-278.328 -45.3592
-53.2693 -8.85327
-78.8759 -13.3639
-235.515 -40.6651
-364.405 -64.0999
-101.386 -18.1628
-225.283 -41.0895
-321.507 -59.6844
-67.801 -12.8071
-310.323 -59.6284
-85.385 -16.6851
-75.5239 -15.0047
-107.823 -21.7743
-13.7142 -2.81439
-127.263 -26.5337
-63.5897 -13.4668
-45.9494 -9.88198
-358.552 -78.2908
-219.669 -48.6891
-53.6591 -12.0705
-249.581 -56.9673
-339.029 -78.5058
-83.7217 -19.6641
-128.408 -30.5858
-6.80436 -1.64337
-315.675 -77.2917
-159.171 -39.503
-79.5232 -20.0015
-311.057 -79.2767
-239.156 -61.753
-152.857 -39.9825
-164.331 -43.5359
-91.755 -24.6174
-82.027 -22.284
-134.987 -37.1274
-69.3617 -19.3122
-327.253 -92.2255
-349.079 -99.5618
-35.549 -10.26
-80.6323 -23.5464
-253.182 -74.799
-49.8226 -14.8898
-48.8184 -14.757
-152.053 -46.4851
-252.222 -77.9759
-269.155 -84.1388
-373.776 -118.134
-252.428 -80.6549
-85.6437 -27.6615
-302.299 -98.6879
-296.289 -97.7576
-109.095 -36.3755
-233.124 -78.545
-218.676 -74.4433
-326.243 -112.207
-83.1252 -28.8824
-202.867 -71.2029
-357.216 -126.639
-217.479 -77.8703
-44.199 -15.9827
-197.26 -72.0325
-57.2332 -21.1037
-71.2239 -26.5171
-116.071 -43.6298
-300.117 -113.889
-15.875 -6.08141
-124.049 -47.9682
-56.825 -22.1791
-13.9562 -5.49778
-159.832 -63.5438
-151.278 -60.6946
-327.201 -132.472
-196.255 -80.1754
-358.72 -147.864
-322.244 -134.015
-6.45486 -2.70828
-29.4689 -12.4734
-209.685 -89.5323
-14.6949 -6.32919
-302.671 -131.491
-67.7788 -29.6991
-49.3918 -21.8277
-250.268 -111.542
-79.3531 -35.6663
-104.743 -47.4745
-258.301 -118.054
-208.886 -96.2639
-266.622 -123.889
-357.692 -167.574
-251.371 -118.729
-176.059 -83.8349
-350.687 -168.343
-94.5153 -45.7369
-32.3558 -15.783
-194.734 -95.7488
-256.256 -127
-20.5758 -10.278
-67.8824 -34.1757
-303.202 -153.845
-219.915 -112.456
-290.674 -149.793
-154.419 -80.1919
-39.8706 -20.8647
-211.408 -111.48
-279.937 -148.743
-0.881602 -0.471993
-181.304 -97.8008
-124.764 -67.8086
-249.977 -136.881
-133.967 -73.9049
-246.49 -136.992
-98.5977 -55.2042
-22.6462 -12.7731
-68.6872 -39.0266
-11.2827 -6.45759
-116.089 -66.928
-270.67 -157.183
-40.5694 -23.7302
-304.14 -179.186
-250.257 -148.501
-18.026 -10.7733
-290.443 -174.826
-288.182 -174.701
-144.242 -88.0633
-4.25932 -2.61882
-240.61 -148.982
-40.7306 -25.3972
-152.44 -95.7192
-88.7472 -56.1154
-104.597 -66.5986
-122.908 -78.8012
-54.6088 -35.2545
-335.37 -218.006
-63.5899 -41.6212
-106.878 -70.4351
-166.65 -110.579
-288.533 -192.763
-126.123 -84.8346
-70.38 -47.6618
-145.417 -99.1456
-300.928 -206.561
-262.434 -181.355
-288.952 -201.024
-102.386 -71.7087
-224.752 -158.466
-57.0825 -40.5165
-91.1279 -65.113
-235.425 -169.337
-92.3367 -66.8575
-128.492 -93.6529
-210.436 -154.394
-94.1155 -69.5074
-219.092 -162.873
-58.4479 -43.7361
-253.21 -190.719
-114.75 -86.9969
-50.8782 -38.8254
-63.4449 -48.7314
-81.4877 -62.9981
-292.799 -227.837
-23.6185 -18.4978
-261.518 -206.148
-198.981 -157.868
-117.215 -93.5982
-18.7073 -15.0346
-113.514 -91.8176
-217.144 -176.772
-167.856 -137.526
-124.217 -102.427
-79.2615 -65.777
-232.558 -194.231
-175.299 -147.347
-290.12 -245.419
-17.5131 -14.9094
-188.331 -161.355
-265.073 -228.553
-120.092 -104.206
-2.25969 -1.97327
-288.445 -253.486
-206.747 -182.844
-183.761 -163.548
-226.45 -202.821
-187.929 -169.386
-147.398 -133.697
-22.896 -20.8992
-162.021 -148.827
-109.415 -101.141
-186.708 -173.681
-79.575 -74.4904
-109.184 -102.853
-59.5103 -56.4138
-222.86 -212.597
-132.737 -127.424
-119.39 -115.334
-239.488 -232.812
-174.42 -170.627
-166.756 -164.159
-268.541 -266.026
-281.16 -280.282
-157.435 -157.934
-113.305 -114.381
-196.426 -199.541
-251.041 -256.631
-218.867 -225.151
-229.275 -237.346
-109.416 -113.983
-53.8386 -56.4394
-52.9729 -55.8826
-49.3687 -52.4093
-68.3385 -73.0058
-151.882 -163.281
-136.435 -147.602
-110.941 -120.781
-217.077 -237.826
-251.936 -277.765
-23.4324 -25.9985
-20.6819 -23.0924
-233.35 -262.2
-183.503 -207.499
-41.5867 -47.3238
-126.944 -145.376
-158.6 -182.784
-237.037 -274.923
-40.9885 -47.8429
-75.8419 -89.0899
-199.56 -235.917
-196.887 -234.246
-142.305 -170.392
-150.071 -180.842
-227.115 -275.441
-176.182 -215.044
-239.268 -293.925
-164.765 -203.707
-142.825 -177.722
-208.407 -261.003
-29.2112 -36.8199
-204.905 -259.951
-168.326 -214.931
-119.136 -153.11
-100.305 -129.749
-190.657 -248.232
-118.9 -155.817
-47.1222 -62.157
-218.389 -289.957
-57.5146 -76.864
-99.0341 -133.223
-224.557 -304.069
-192.84 -262.847
-228.531 -313.556
-101.457 -140.127
-6.42297 -8.93003
-112.201 -157.035
-1.15758 -1.63095
-102.568 -145.478
-55.0708 -78.6333
-45.1151 -64.8508
-186.466 -269.841
-125.065 -182.208
-156.601 -229.696
-99.2462 -146.558
-59.7175 -88.7852
-74.4366 -111.423
-12.1634 -18.3317
-80.8881 -122.744
-126.503 -193.282
-86.11 -132.473
-215.86 -334.378
-7.55607 -11.7858
-32.2242 -50.6122
-105.28 -166.509
-178.139 -283.71
-59.7876 -95.8877
-101.6 -164.093
-135.651 -220.635
-87.5397 -143.39
-32.6582 -53.8743
-184.103 -305.868
-130.815 -218.889
-118.9 -200.379
-27.9176 -47.3878
-140.862 -240.829
-163.204 -281.05
-171.81 -298.022
-145.54 -254.298
-35.0734 -61.7321
-3.93005 -6.96812
-117.244 -209.413
-105.898 -190.551
-153.118 -277.568
-128.232 -234.191
-74.0139 -136.187
-171.383 -317.724
-115.162 -215.113
-147.799 -278.173
-112.875 -214.064
-15.3002 -29.2387
-20.7386 -39.9363
-160.781 -312.01
-147.507 -288.475
-61.5358 -121.282
-169.523 -336.736
-30.833 -61.7279
-93.2486 -188.161
-135.897 -276.398
-57.4304 -117.74
-68.385 -141.324
-102.127 -212.758
-156.056 -327.743
-111.891 -236.906
-161.629 -345.018
-90.5956 -194.981
-66.5451 -144.405
-161.278 -352.893
-87.9276 -194.005
-128.311 -285.491
-6.10608 -13.7009
-57.3963 -129.883
-146.483 -334.317
-40.6411 -93.5537
-122.623 -284.717
-4.31936 -10.1165
-2.72844 -6.44637
-120.707 -287.704
-117.882 -283.466
-149.001 -361.496
-17.0176 -41.6581
-128.713 -317.934
-41.33 -103.019
-87.1841 -219.306
-86.1279 -218.648
-55.2635 -141.598
-72.8505 -188.406
-17.8857 -46.6916
-130.558 -344.062
-138.623 -368.808
-46.0538 -123.705
-12.1081 -32.8389
-91.2367 -249.864
-134.656 -372.403
-15.1688 -42.3664
-77.1825 -217.724
-56.6283 -161.351
-83.0326 -238.987
-61.4669 -178.726
-3.22248 -9.46655
-4.4698 -13.2673
-64.2072 -192.578
-80.8336 -245.01
-86.5799 -265.226
-24.2793 -75.1766
-120.215 -376.262
-17.478 -55.3039
-95.4711 -305.426
-80.6295 -260.822
-22.5103 -73.6362
-7.81204 -25.8452
-22.6197 -75.6925
-101.709 -344.291
-46.8096 -160.306
-49.0783 -170.06
-68.0159 -238.491
-55.603 -197.315
-76.4392 -274.558
-89.3652 -324.935
-93.8486 -345.48
-28.7615 -107.209
-89.6266 -338.33
-57.6924 -220.58
-91.7481 -355.347
-2.46951 -9.69028
-64.1467 -255.057
-37.8142 -152.378
-69.2007 -282.652
-0.938997 -3.88822
-90.3603 -379.388
-46.1842 -196.649
-2.93246 -12.6649
-77.2113 -338.301
-3.07224 -13.6587
-37.2171 -167.925
-23.0374 -105.514
-5.0457 -23.4636
-58.213 -274.904
-60.6141 -290.749
-35.5788 -173.387
-33.8461 -167.617
-77.9396 -392.333
-18.6012 -95.1998
-34.3397 -178.731
-63.1015 -334.093
-23.1779 -124.867
-25.8354 -141.663
-46.3721 -258.88
-34.4718 -195.992
-53.7608 -311.393
-50.9445 -300.715
-4.59009 -27.6212
-54.1999 -332.613
-39.1165 -244.896
-60.3032 -385.31
-46.2129 -301.479
-4.45231 -29.6678
-39.2314 -267.135
-7.67833 -53.4513
-49.5124 -352.54
-33.5838 -244.706
-20.4593 -152.635
-29.061 -222.107
-9.74973 -76.3802
-2.59353 -20.8392
-1.68535 -13.8982
-6.33213 -53.6275
-4.5656 -39.7386
-5.2178 -46.7095
-23.5207 -216.727
-20.7441 -196.91
-2.54105 -24.8705
-7.38861 -74.6352
-0.476934 -4.9772
-32.198 -347.512
-7.21936 -80.6776
-8.16973 -94.6481
-22.1251 -266.082
-5.50158 -68.7803
-23.8991 -311.083
-7.71391 -104.716
-22.1543 -314.22
-7.18994 -106.758
-6.3419 -98.7967
-2.80245 -45.9146
-6.8187 -117.803
-12.2411 -223.665
-14.062 -272.638
-4.01474 -82.9028
-14.3382 -316.676
-5.38765 -127.887
-3.66137 -93.9287
-2.68576 -74.9519
-8.26528 -252.865
-8.38588 -283.876
-7.49366 -283.901
-7.01976 -301.918
-1.20613 -59.9879
-0.356156 -20.997
-0.41452 -29.9971
-4.22718 -395.977
-1.72482 -228.993
-0.768107 -174.998
-0.342743 -275
0.756711 -398.999
1.10866 -219.997
2.32373 -283.99
1.94787 -171.989
5.45423 -376.961
5.89931 -334.948
3.73539 -179.961
1.43365 -59.9829
9.43559 -348.872
5.43198 -179.918
3.56512 -106.941
6.52632 -178.881
1.14841 -28.9773
4.01762 -93.9141
8.48787 -184.805
6.9608 -141.829
4.74643 -90.8761
16.3126 -294.549
12.5634 -214.633
2.33973 -37.9279
25.8834 -399.162
15.7399 -231.465
15.1896 -213.46
2.81634 -37.8955
30.4357 -392.823
4.2602 -52.8285
19.2081 -229.197
27.6397 -317.8
28.6384 -317.712
28.8006 -308.659
20.3592 -211.02
2.28072 -22.8866
16.4685 -160.156
36.1572 -341.089
32.7789 -300.216
1.33996 -11.925
41.4377 -358.614
47.1629 -397.21
18.1541 -148.897
47.2999 -378.053
26.4711 -206.309
34.1599 -259.764
29.2358 -217.04
8.8797 -64.3906
23.8927 -169.323
27.9956 -193.99
40.1348 -272.056
2.2358 -14.8324
19.02 -123.544
11.8002 -75.0783
34.2079 -213.274
19.0537 -116.452
8.5578 -51.291
38.8999 -228.716
7.3431 -42.3684
20.5161 -116.203
26.367 -146.648
31.3291 -171.156
68.6785 -368.657
42.4608 -224.011
14.9562 -77.5713
63.6856 -324.816
54.9318 -275.578
54.0105 -266.584
46.3789 -225.275
33.7795 -161.505
21.4034 -100.752
31.6309 -146.627
12.1948 -55.6802
23.4374 -105.426
41.155 -182.415
0.223145 -0.974785
9.04829 -38.9632
75.8875 -322.183
92.9302 -389.055
81.6773 -337.25
32.1887 -131.106
49.0216 -196.992
80.6963 -319.981
46.5451 -182.147
80.4504 -310.755
63.9237 -243.758
41.0727 -154.638
50.3897 -187.342
2.89052 -10.6134
3.72128 -13.4964
21.7756 -78.0181
7.61207 -26.9454
64.8724 -226.909
100.045 -345.819
62.0835 -212.101
74.9591 -253.135
53.6593 -179.136
60.6011 -200.021
35.1556 -114.735
77.5434 -250.262
92.0821 -293.913
67.3383 -212.59
44.8291 -139.998
75.7561 -234.045
82.7101 -252.814
34.2179 -103.49
77.3256 -231.423
6.39775 -18.9491
57.4697 -168.467
51.4822 -149.377
115.411 -331.483
108.158 -307.535
84.6882 -238.405
48.2905 -134.6
87.8883 -242.569
100.676 -275.16
94.9562 -257.02
3.49502 -9.36936
126.88 -336.9
25.2323 -66.3651
76.3222 -198.857
34.319 -88.5845
16.7523 -42.8411
61.6739 -156.27
126.92 -318.654
142.092 -353.512
5.63791 -13.9001
73.8603 -180.471
24.0457 -58.2306
74.6087 -179.08
26.3486 -62.6877
19.1284 -45.1121
152.194 -355.817
13.0731 -30.3001
158.817 -364.94
155.944 -355.282
132.368 -299.011
85.2022 -190.844
110.434 -245.286
160.812 -354.204
165.67 -361.88
75.8594 -164.336
120.682 -259.291
83.2631 -177.435
71.846 -151.862
90.4036 -189.545
97.4988 -202.778
129.103 -266.362
65.8476 -134.774
83.5013 -169.554
150.283 -302.753
118.123 -236.099
15.7586 -31.2517
152.224 -299.539
23.7041 -46.283
128.879 -249.702
145.352 -279.46
19.033 -36.3145
147.572 -279.425
49.7965 -93.5752
128.534 -239.715
151.626 -280.661
74.5806 -137.017
39.9096 -72.7752
39.1709 -70.8988
173.137 -311.062
120.315 -214.57
34.9194 -61.8194
96.9332 -170.352
184.493 -321.875
39.0008 -67.5495
148.808 -255.875
133.437 -227.795
76.223 -129.19
151.725 -255.321
31.8405 -53.1994
185.334 -307.461
151.531 -249.605
90.241 -147.599
90.1801 -146.463
93.2749 -150.429
42.9013 -68.7058
101.139 -160.845
55.6365 -87.8668
62.9014 -98.653
70.2346 -109.394
153.643 -237.661
127.658 -196.111
174.32 -265.963
140.455 -212.832
71.9449 -108.277
100.643 -150.439
40.2226 -59.7172
56.1251 -82.7646
97.5459 -142.877
84.9663 -123.615
200.867 -290.278
117.752 -169.028
166.514 -237.43
1.73027 -2.45075
25.4902 -35.8643
180.965 -252.928
54.9368 -76.2755
85.1123 -117.392
26.5285 -36.3488
182.354 -248.216
117.729 -159.198
233.471 -313.644
238.653 -318.51
6.62357 -8.78227
229.162 -301.87
214.324 -280.49
107.907 -140.304
36.7279 -47.4453
122.923 -157.766
164.146 -209.313
110.282 -139.721
97.0358 -122.148
102.415 -128.09
117.863 -146.466
96.9243 -119.673
124.468 -152.698
7.61101 -9.27753
29.2872 -35.472
90.7519 -109.216
254.039 -303.777
95.9441 -113.999
194.543 -229.683
148.556 -174.276
238.956 -278.548
163.372 -189.234
13.1173 -15.0976
165.216 -188.957
45.581 -51.8012
157.782 -178.182
31.9344 -35.8356
130.858 -145.918
87.7674 -97.2516
214.467 -236.146
131.554 -143.94
17.6007 -19.1368
152.833 -165.127
258.994 -278.069
194.216 -207.21
122.135 -129.488
68.1548 -71.8048
209.975 -219.833
2.07893 -2.16288
27.8096 -28.7511
73.9345 -75.9585
146.946 -150.023
163.563 -165.94
103.52 -104.367
161.07 -161.37
249.452 -248.35
185.541 -183.564
79.153 -77.819
188.837 -184.49
220.267 -213.849
263.399 -254.12
132.098 -126.646
176.661 -168.306
14.5237 -13.75
164.605 -154.859
132.949 -124.292
29.3053 -27.225
41.8818 -38.6641
145.169 -133.173
119.721 -109.137
226.786 -205.436
219.255 -197.363
85.7137 -76.6692
23.9177 -21.259
8.24464 -7.28189
187.897 -164.908
217.807 -189.95
176.083 -152.59
184.897 -159.214
268.217 -229.496
83.8048 -71.2514
35.903 -30.3311
38.2959 -32.1469
237.292 -197.923
268.711 -222.701
34.7376 -28.606
13.9309 -11.3987
32.5889 -26.4946
111.24 -89.8586
172.353 -138.331
70.3656 -56.1132
271.193 -214.873
19.6436 -15.4638
301.683 -235.959
302.423 -235.01
90.2356 -69.6674
111.084 -85.2077
92.2624 -70.3111
39.8633 -30.1814
27.1714 -20.438
178.633 -133.489
16.0585 -11.9217
70.0169 -51.6394
45.9793 -33.6884
126.127 -91.8039
236.623 -171.095
142.945 -102.677
19.5365 -13.9401
37.5287 -26.6007
108.748 -76.5693
247.477 -173.087
273.479 -189.996
23.8683 -16.4713
258.171 -176.965
89.2728 -60.7813
308.152 -208.39
200.889 -134.935
299.473 -199.79
2.50083 -1.65706
17.5422 -11.5444
146.486 -95.7431
90.5883 -58.8027
329.471 -212.398
5.05312 -3.23512
180.59 -114.819
262.969 -166.037
49.1395 -30.8109
0.848898 -0.528557
128.434 -79.4089
298.271 -183.124
321.045 -195.719
94.9578 -57.4806
260.558 -156.606
153.71 -91.7297
28.3905 -16.8219
129.288 -76.0573
139.025 -81.1983
21.6272 -12.5405
20.7998 -11.9736
136.311 -77.8992
298.334 -169.251
344.173 -193.829
58.4818 -32.6937
41.0964 -22.8053
245.256 -135.091
79.8457 -43.6539
184.575 -100.16
113.575 -61.1704
36.1583 -19.3282
248.232 -131.689
338.015 -177.961
116.107 -60.664
296.514 -153.739
83.5855 -43.0053
1.78128 -0.909413
179.305 -90.8329
3.57393 -1.7964
129.759 -64.7119
57.3624 -28.3824
263.019 -129.112
35.9623 -17.5133
224.207 -108.316
32.4645 -15.5582
117.409 -55.8136
281.296 -132.64
102.358 -47.8725
150.587 -69.853
228.026 -104.905
358.453 -163.546
114.796 -51.9409
123.17 -55.2642
95.9336 -42.6819
301.926 -133.195
254.701 -111.407
299.087 -129.703
85.4383 -36.7329
120.511 -51.3635
267.135 -112.866
72.8676 -30.5175
308.477 -128.055
164.612 -67.7276
350.019 -142.727
159.471 -64.4435
189.379 -75.8382
135.706 -53.8501
23.2662 -9.14784
260.902 -101.636
80.232 -30.9649
321.316 -122.85
215.09 -81.4626
164.786 -61.819
88.114 -32.7402
54.4314 -20.0304
102.411 -37.3217
28.2188 -10.1834
205.288 -73.3545
259.254 -91.72
140.624 -49.2539
259.825 -90.0886
305.507 -104.854
320.038 -108.718
114.692 -38.5593
190.721 -63.454
290.654 -95.6887
329.937 -107.473
111.36 -35.8876
379.197 -120.888
59.1297 -18.646
224.342 -69.9698
104.158 -32.1269
179.822 -54.8466
226.906 -68.429
351.701 -104.859
354.906 -104.601
60.4857 -17.6205
269.07 -77.468
217.373 -61.8448
335.014 -94.1777
281.351 -78.1388
308.597 -84.6621
30.8862 -8.36918
233.775 -62.5575
274.576 -72.552
113.211 -29.5337
78.4408 -20.2
183.176 -46.5579
194.961 -48.9014
234.913 -58.1383
285.61 -69.7336
362.632 -87.3322
143.021 -33.9685
141.18 -33.0628
159.796 -36.8931
332.499 -75.666
15.6122 -3.50126
248.017 -54.8033
208.126 -45.3032
43.0225 -9.22325
32.2884 -6.81599
387.716 -80.5738
365.434 -74.7458
66.6632 -13.4171
142.239 -28.1632
325.879 -63.4601
228.843 -43.8178
374.425 -70.4741
307.779 -56.929
153.486 -27.8913
64.9733 -11.596
87.6642 -15.3616
304.529 -52.3774
200.17 -33.7808
302.879 -50.1356
202.352 -32.8423
63.2053 -10.0546
4.94036 -0.769994
372.683 -56.8866
217.584 -32.5127
203.833 -29.8033
103.943 -14.8644
160.44 -22.4295
320.028 -43.715
361.795 -48.2624
325.255 -42.348
318.442 -40.4437
169.704 -21.0115
211.467 -25.5077
164.867 -19.3612
112.27 -12.8268
27.8289 -3.09088
206.8 -22.311
35.8043 -3.74901
243.747 -24.7482
379.17 -37.2945
359.376 -34.2075
338.57 -31.1536
211.168 -18.7616
293.923 -25.1833
200.319 -16.5293
324.978 -25.7875
161.532 -12.3071
265.293 -19.3742
15.9611 -1.11521
360.199 -24.0299
357.279 -22.7075
352.358 -21.283
56.9068 -3.2578
296.566 -16.0429
196.745 -10.0229
15.9818 -0.763822
159.841 -7.1359
75.9347 -3.15092
112.917 -4.33005
211.869 -7.45781
156.919 -5.02985
396.834 -11.4717
141.953 -3.65709
26.9931 -0.61053
56.9892 -1.10979
115.985 -1.89402
209.982 -2.76889
309.984 -3.1132
251.994 -1.73876
190.999 -0.717589
221 -0.13573
