2500
171 0
260.999 0.656228
281.996 1.41805
267.992 2.02147
88.9955 0.895071
293.977 3.6959
348.96 5.26471
342.947 6.03649
154.969 3.1175
286.927 6.49385
212.933 5.35486
58.9774 1.63156
126.942 3.83119
358.808 11.7321
101.937 3.58966
203.855 7.69189
120.902 4.86634
195.821 8.37505
381.609 17.2823
347.603 16.6181
278.647 14.0238
200.72 10.6079
76.8822 4.25703
269.549 15.605
372.321 22.4942
307.392 19.3473
295.368 19.3362
283.346 19.2647
74.8142 5.27564
170.546 12.4573
147.579 11.1528
224.317 17.5194
6.97736 0.562593
32.8865 2.73492
380.605 32.6158
153.404 13.5345
380.436 34.5293
175.239 16.3494
187.143 17.9347
38.8127 3.8181
180.085 18.1728
274.535 28.4013
361.972 38.367
65.6146 7.12165
309.099 34.3353
58.6228 6.66119
258.263 30.0039
272.089 32.3037
140.967 17.0958
127.03 15.7297
47.6212 6.0184
274.726 35.4221
218.122 28.6816
110.016 14.7478
238.782 32.6205
280.298 39.0102
351.487 49.819
145.493 20.9952
334.412 49.1155
26.7035 3.99058
25.7047 3.90743
327.115 50.5672
279.568 43.9372
202.434 32.3364
122.398 19.8674
207.202 34.1674
307.714 51.5369
322.371 54.8253
103.469 17.8647
371.341 65.0765
79.7487 14.1825
291.296 52.56
37.379 6.84157
370.668 68.8078
315.46 59.3804
248.515 47.4263
323.994 62.6752
267.9 52.5233
292.288 58.0682
336.256 67.6825
243 49.5477
275.193 56.8329
223.171 46.6748
203.487 43.0923
205.334 44.023
352.787 76.5649
164.088 36.044
268.447 59.6757
240.003 53.9862
177.462 40.3874
196.85 45.3206
98.3679 22.9077
331.918 78.1766
344.366 82.0231
167.219 40.2736
62.183 15.1419
273.825 67.4077
98.9815 24.6305
180.382 45.3681
371.196 94.3528
257.636 66.1776
316.513 82.1497
196.361 51.492
290.963 77.082
214.454 57.3906
93.6393 25.3116
283.62 77.4309
24.1007 6.64488
115.603 32.1862
189.648 53.316
280.903 79.7332
1.92262 0.550954
213.256 61.6922
152.626 44.5689
128.533 37.8845
75.7206 22.5253
366.825 110.128
195.237 59.1492
264.898 80.9816
1.91115 0.589512
257.804 80.2325
328.203 103.048
320.316 101.457
225.757 72.1312
300.766 96.9315
325.248 105.725
63.6659 20.8723
212.677 70.3171
125.223 41.7518
249.287 83.8144
38.8293 13.1638
53.936 18.4366
242.03 83.4116
68.9563 23.9588
173.655 60.8261
365.863 129.184
195.016 69.4108
258.846 92.8636
373.342 135
93.9549 34.2415
237.487 87.2283
206.319 76.3697
29.0451 10.8342
237.759 89.369
11.222 4.25038
326.997 124.792
48.5356 18.6626
124.019 48.0452
215.191 83.9883
183.337 72.0876
170.139 67.3926
296.285 118.222
28.7636 11.561
326.275 132.094
157.415 64.1915
13.8753 5.69886
340.978 141.05
274.159 114.218
43.3399 18.1839
326.087 137.78
64.4118 27.4066
352.966 151.233
151.501 65.3639
265.985 115.551
29.3179 12.8242
255.334 112.454
151.75 67.2896
259.331 115.774
332.919 149.632
247.812 112.13
20.9308 9.53424
253.608 116.292
175.232 80.8869
134.219 62.3649
130.438 61.0075
12.6665 5.96315
25.303 11.99
219.331 104.608
109.083 52.363
107.15 51.767
221.234 107.571
171.561 83.952
69.975 34.4601
118.272 58.6147
70.6957 35.2579
145.682 73.1137
101.759 51.3908
32.9852 16.7624
295.596 151.153
112.929 58.1046
236.221 122.294
88.6889 46.1982
303.804 159.224
352.937 186.108
14.1341 7.49853
323.767 172.812
4.40506 2.36547
157.488 85.0802
347.056 188.62
94.7612 51.8104
19.2766 10.6025
70.8746 39.2147
249.026 138.604
179.745 100.636
181.234 102.069
201.859 114.355
89.4905 50.9947
151.829 87.0234
221.783 127.861
222.326 128.92
90.7007 52.8997
39.6772 23.2749
61.1503 36.0782
188.338 111.757
91.8815 54.8341
198.92 119.393
247.418 149.349
264.138 160.35
145.95 89.1045
192.596 118.248
325.035 200.689
77.3094 48.0027
158.618 99.0419
217.651 136.664
218.998 138.279
126.631 80.4028
293.314 187.273
94.248 60.5088
283.967 183.322
288.538 187.302
310.676 202.785
90.2906 59.2588
140.22 92.5333
127.488 84.5922
296.975 198.129
11.6265 7.79902
271.932 183.404
295.472 200.363
290.836 198.289
311.782 213.72
268.427 184.995
230.15 159.47
203.492 141.757
81.09 56.7927
263.282 185.382
92.2302 65.2886
237.904 169.309
104.913 75.0615
201.33 144.811
158.017 114.261
45.2966 32.9274
223.646 163.436
124.915 91.7677
214.778 158.618
244.889 181.809
48.8862 36.4848
51.9939 39.0081
247.502 186.662
203.204 154.056
234.63 178.812
44.4545 34.0558
102.207 78.7072
202.435 156.704
188.624 146.772
215.035 168.193
152.508 119.906
73.7492 58.2842
64.2064 51.0053
188.327 150.38
282.312 226.592
273.958 221.022
183.303 148.647
201.532 164.271
129.953 106.471
113.475 93.4478
100.144 82.893
136.834 113.844
182.575 152.678
239.603 201.394
29.7915 25.1688
169.222 143.694
201.567 172.034
65.2736 55.9943
202.214 174.352
170.035 147.354
47.5059 41.3786
278.391 243.718
162.913 143.347
131.09 115.933
216.004 191.998
278.163 248.504
50.5966 45.431
224.201 202.332
217.025 196.848
230.57 210.193
155.573 142.542
198.615 182.899
146.781 135.85
205.015 190.707
191.386 178.929
105.67 99.2914
246.465 232.757
87.037 82.6109
34.008 32.4415
176.85 169.555
141.139 136
171.685 166.268
165.534 161.12
163.699 160.137
152.599 150.032
251.806 248.817
121.332 120.497
234.98 234.538
142.611 143.06
231.685 233.587
54.789 55.5172
241.017 245.452
32.8453 33.6183
204.928 210.809
102.894 106.381
43.6855 45.3936
201.949 210.904
164.859 173.039
132.777 140.068
20.5842 21.8241
58.8504 62.7107
132.4 141.797
0.680632 0.732625
181.236 196.067
238.283 259.086
170.797 186.648
131.28 144.19
77.2074 85.2292
119.841 132.963
241.016 268.761
100.53 112.671
109.54 123.393
48.3259 54.7139
126.741 144.224
68.455 78.2938
223.807 257.277
111.907 129.297
126.59 147.007
128.172 149.603
84.3317 98.9352
94.4313 111.35
89.637 106.237
223.102 265.771
4.48713 5.37268
60.7133 73.0678
133.165 161.084
19.6916 23.9425
1.26653 1.54787
205.179 252.045
108.251 133.663
250.965 311.475
2.50181 3.12105
175.2 219.695
184.592 232.669
13.0105 16.4841
198.859 253.257
163.132 208.837
30.6805 39.4804
37.9206 49.0513
79.8618 103.842
177.43 231.911
183.508 241.109
236.022 311.729
28.8782 38.3412
52.7665 70.4251
15.5377 20.8466
54.1984 73.0995
157.888 214.073
228.335 311.222
31.2441 42.8113
134.533 185.316
128.797 178.357
229.277 319.188
8.72037 12.2047
201.021 282.842
84.8571 120.034
132.297 188.142
175.383 250.753
164.472 236.417
163.877 236.83
11.9059 17.2988
30.5033 44.5595
131.132 192.596
169.898 250.886
83.2366 123.583
60.6637 90.5589
218.456 327.892
55.2363 83.3604
189.291 287.236
13.7041 20.9093
39.3163 60.3177
38.6206 59.5773
8.66944 13.4477
114.961 179.312
77.953 122.263
26.2388 41.3827
45.3356 71.9005
15.9369 25.4168
82.0105 131.527
7.90447 12.7483
78.7239 127.681
34.4972 56.2667
156.682 257.005
174.698 288.184
13.9384 23.124
75.0562 125.23
145.387 243.964
143.244 241.748
48.222 81.8513
35.3802 60.4007
166.579 286.029
130.784 225.869
31.4313 54.5992
15.8953 27.773
181.498 318.979
33.9727 60.0571
83.8187 149.048
120.042 214.723
14.0876 25.3484
73.9876 133.921
11.0717 20.1598
111.168 203.631
128.303 236.43
13.7678 25.5235
177.674 331.373
125.105 234.744
96.4286 182.037
20.9644 39.8182
82.5298 157.711
74.7502 143.723
150.155 290.487
98.7021 192.13
10.4585 20.4846
4.97723 9.80955
119.762 237.515
17.9194 35.7616
126.589 254.227
46.5658 94.1096
138.546 281.782
170.321 348.618
92.5827 190.716
154.229 319.747
153.857 321.036
43.4212 91.1899
155.662 329.037
6.80588 14.4803
18.616 39.8678
157.804 340.181
107.562 233.408
31.2183 68.194
89.4146 196.624
72.4533 160.395
2.04687 4.56183
91.5927 205.513
110.91 250.549
22.9414 52.1794
31.614 72.3986
137.664 317.435
139.239 323.29
71.9654 168.256
5.86411 13.8062
54.0189 128.074
4.24938 10.1461
122.108 293.622
54.578 132.175
90.2827 220.211
25.2598 62.056
121.397 300.398
121.386 302.558
28.4911 71.535
143.027 361.752
79.2785 202
90.0232 231.084
16.59 42.9042
73.8112 192.322
2.84767 7.47602
14.8515 39.2865
2.45878 6.55396
111.299 298.954
72.7738 196.987
49.5623 135.202
112.117 308.243
5.43131 15.0499
93.3741 260.788
63.932 179.982
105.688 299.923
16.499 47.1994
98.9368 285.334
90.4136 262.887
64.57 189.29
87.1677 257.654
102.106 304.328
67.5602 203.056
64.8563 196.577
32.6473 99.7956
28.6938 88.4628
90.9246 282.74
94.1621 295.353
78.653 248.867
9.26758 29.5823
104.98 338.076
50.2999 163.435
89.5665 293.644
109.082 360.874
12.0512 40.2339
94.4622 318.278
30.4683 103.613
40.2769 138.253
95.3863 330.511
0.824607 2.88444
75.4689 266.521
2.43028 8.66567
63.1557 227.393
36.3304 132.095
81.193 298.142
13.7977 51.1725
32.754 122.704
8.43068 31.9049
34.1609 130.606
47.3654 182.969
61.7957 241.21
75.6876 298.555
87.5884 349.182
96.3447 388.224
45.5383 185.492
43.184 177.832
73.5632 306.29
28.655 120.644
29.4948 125.583
7.91676 34.0929
48.5523 211.499
15.7117 69.2397
21.6651 96.6003
41.3296 186.475
20.3234 92.8007
39.1226 180.816
5.4344 25.4257
42.5505 201.558
75.9234 364.17
54.6426 265.434
62.141 305.749
46.2257 230.409
30.6898 154.991
59.0659 302.283
22.3379 115.866
47.0824 247.563
52.9125 282.08
11.0954 59.9824
6.10026 33.4483
15.2173 84.643
68.7413 387.957
51.5982 295.529
3.72937 21.6816
54.6215 322.406
20.7344 124.282
12.6421 76.9687
48.8366 302.078
53.4188 335.777
32.3178 206.486
25.7127 167.033
10.4762 69.2116
3.82653 25.7169
48.036 328.507
3.12837 21.7764
22.6329 160.411
43.3613 313.011
42.4394 312.128
13.2237 99.1218
19.4616 148.732
45.6829 356.082
11.3528 90.2891
22.2515 180.635
33.8936 280.963
27.3236 231.392
6.88629 59.6035
12.9114 114.273
33.2617 301.169
22.8496 211.771
22.3171 211.828
8.18195 79.5805
0.399092 3.98004
10.6025 108.483
3.50643 36.8335
24.1734 260.882
33.4809 371.494
29.4928 336.711
5.0851 59.7841
10.363 125.573
19.3769 242.226
21.2393 274.179
3.28797 43.877
5.05534 69.8172
6.55286 93.7713
9.27399 137.688
13.7151 211.556
22.0756 354.313
17.9622 300.464
3.7729 65.8921
6.72255 122.816
15.1218 289.605
10.9193 219.729
4.57081 96.8923
7.22685 161.839
7.36719 174.845
15.8344 399.686
3.89273 104.928
3.24873 93.9438
10.8322 337.826
10.0714 340.851
1.48619 54.9799
8.92099 363.891
1.78156 80.9804
5.92219 303.942
4.53019 266.962
0.520309 35.9962
3.47424 290.979
2.42218 256.989
2.67441 386.991
1.56072 354.997
0.0207032 11
-0.122009 193
-0.0314645 9.99995
-0.113214 19.9997
-0.874718 106.996
-2.49056 232.987
-3.88175 293.974
-1.90179 120.985
-2.57059 140.977
-6.182 297.936
-5.37275 230.938
-9.43262 365.878
-8.90995 314.874
-10.6872 346.835
-1.66559 49.9723
-1.6121 44.9711
-5.32885 138.898
-10.9885 268.775
-6.02724 138.869
-5.32129 115.878
-1.98377 40.952
-9.41574 184.76
-12.4438 232.667
-9.50594 169.734
-8.64726 147.747
-10.7859 176.671
-8.69219 136.724
-19.5888 296.353
-6.91489 100.763
-16.5366 232.412
-12.859 174.527
-18.161 238.309
-15.8558 201.377
-21.1411 260.142
-26.3045 313.9
-21.1588 245.088
-26.5549 298.822
-18.5681 203.153
-12.7192 135.404
-23.7186 245.859
-10.8382 109.465
-5.25361 51.7339
-0.621192 5.96776
-35.5209 333.111
-28.4354 260.452
-30.0895 269.324
-3.51942 30.7996
-25.7581 220.501
-7.46703 62.5559
-45.7458 375.222
-5.55822 44.6554
-30.6206 241.063
-50.8877 392.717
-37.3343 282.544
-20.0234 148.658
-16.7257 121.858
-16.4781 117.854
-16.9153 118.802
-42.0308 289.97
-51.6619 350.21
-58.7761 391.614
-39.8404 260.977
-11.0445 71.1479
-36.6317 232.127
-52.7348 328.798
-57.5824 353.339
-10.1262 61.1675
-1.16064 6.90311
-30.4595 178.419
-17.5885 101.487
-32.2225 183.188
-35.4945 198.857
-52.2096 288.311
-48.4177 263.59
-51.278 275.265
-17.447 92.3667
-22.1931 115.894
-42.1106 216.951
-32.0402 162.879
-51.6066 258.907
-64.7279 320.53
-64.1308 313.508
-80.9456 390.703
-20.9439 99.8266
-9.14288 43.0396
-20.8149 96.7871
-60.1966 276.524
-6.23978 28.3208
-75.7316 339.66
-27.069 119.984
-4.4505 19.4985
-29.2468 126.667
-88.2407 377.833
-17.4703 73.9648
-57.615 241.215
-30.9888 128.311
-3.7953 15.5433
-25.882 104.853
-68.9952 276.522
-2.44527 9.69642
-32.1054 125.973
-57.8608 224.669
-89.4011 343.559
-1.5256 5.8028
-64.9445 244.522
-14.7702 55.0531
-19.6166 72.3892
-82.0978 299.968
-32.2349 116.627
-90.8635 325.558
-24.4123 86.6259
-91.1311 320.288
-72.0581 250.856
-45.674 157.512
-104.5 357.021
-54.682 185.092
-92.2929 309.534
-2.01702 6.70311
-67.6986 222.948
-60.935 198.874
-111.646 361.136
-49.7261 159.425
-52.8282 167.884
-51.4348 162.032
-64.955 202.854
-112.796 349.236
-80.2222 246.263
-80.2169 244.16
-99.7015 300.913
-48.8028 146.063
-42.7842 126.986
-28.6283 84.2699
-0.972139 2.83812
-89.1138 258.046
-58.1975 167.159
-58.2864 166.068
-42.0266 118.785
-123.28 345.675
-89.3061 248.436
-12.6039 34.7871
-75.4619 206.653
-89.796 244.001
-123.791 333.784
-49.3618 132.077
-33.1292 87.9685
-18.8039 49.5521
-76.785 200.821
-120.069 311.672
-69.4717 178.991
-74.2916 189.991
-8.79636 22.3299
-142.009 357.853
-61.9886 155.069
-121.021 300.549
-3.38268 8.34011
-130.473 319.377
-63.1645 153.513
-20.2901 48.9623
-113.621 272.241
-63.1582 150.267
-150.459 355.469
-34.8973 81.8729
-153.033 356.546
-143.615 332.293
-125.296 287.918
-18.4615 42.1328
-124.724 282.71
-103.108 232.131
-36.3328 81.2461
-138.348 307.293
-21.8794 48.2731
-66.4172 145.564
-164.87 358.947
-133.457 288.64
-51.4788 110.607
-85.2714 182.016
-81.0371 171.852
-157.364 331.55
-53.8818 112.791
-88.8309 184.754
-153.326 316.852
-1.31354 2.69715
-18.4845 37.7137
-149.519 303.131
-152.948 308.128
-109.483 219.177
-158.089 314.503
-74.4745 147.236
-137.442 270.035
-68.8321 134.399
-123.681 240.006
-49.2534 94.99
-49.0295 93.9793
-125.023 238.181
-98.5359 186.579
-170.795 321.442
-148.502 277.799
-140.201 260.691
-128.007 236.591
-164.936 303.02
-167.618 306.113
-188.652 342.479
-147.829 266.78
-180.634 324.056
-162.863 290.456
-131.169 232.559
-190.475 335.731
-192.805 337.857
-7.9652 13.8764
-139.501 241.62
-67.2921 115.878
-185.602 317.767
-49.1326 83.636
-104.79 177.356
-60.2805 101.441
-18.4684 30.9017
-2.57584 4.28545
-80.7021 133.503
-204.672 336.668
-129.883 212.442
-145.082 235.967
-145.675 235.601
-152.603 245.425
-23.3276 37.3072
-202.807 322.537
-125.056 197.78
-18.2428 28.6915
-14.5442 22.7479
-121.678 189.261
-136.811 211.629
-93.7421 144.21
-36.6569 56.0827
-40.0932 61.0044
-211.156 319.534
-91.8672 138.262
-93.3255 139.694
-16.7279 24.9033
-152.234 225.408
-178.08 262.253
-164.078 240.332
-182.226 265.477
-61.9108 89.7109
-58.1458 83.8037
-17.1636 24.6051
-59.1407 84.329
-84.707 120.14
-182.162 256.987
-102.14 143.33
-181.122 252.816
-18.7017 25.9663
-79.173 109.346
-138.886 190.805
-82.6745 112.982
-117.919 160.3
-123.673 167.239
-33.4097 44.9421
-128.703 172.222
-200.611 267.042
-157.289 208.282
-146.324 192.752
-31.5455 41.3386
-155.812 203.122
-233.262 302.511
-42.271 54.5359
-163.486 209.829
-213.34 272.401
-36.4955 46.3582
-35.3708 44.6979
-156.873 197.218
-136.136 170.268
-102.109 127.054
-104.314 129.13
-185.953 229.012
-32.8796 40.2856
-179.491 218.796
-233.481 283.153
-71.47 86.2325
-114.571 137.53
-80.2486 95.8393
-120.412 143.073
-163.397 193.159
-154.813 182.082
-120.838 141.401
-172.016 200.266
-247.016 286.124
-16.3846 18.8824
-234.649 269.052
-197.093 224.846
-99.8202 113.3
-15.2477 17.2194
-47.2026 53.0369
-216.678 242.23
-217.286 241.685
-1.34088 1.48392
-200.347 220.602
-79.5513 87.1526
-42.5892 46.4237
-111.171 120.57
-87.0036 93.8849
-102.915 110.496
-56.0384 59.864
-22.6126 24.0348
-222.607 235.419
-44.0885 46.3919
-2.76281 2.89255
-157.894 164.479
-143.726 148.969
-72.3983 74.6625
-65.6064 67.3186
-87.4674 89.2998
-126.276 128.275
-206.777 208.996
-73.3312 73.7464
-142.791 142.88
-93.5437 93.132
-115.091 114.009
-76.918 75.8131
-174.922 171.544
-83.024 81.0124
-15.7845 15.3248
-281.937 272.352
-279.737 268.87
-161.165 154.126
-254.281 241.955
-31.2257 29.5628
-198.718 187.19
-159.058 149.078
-104.582 97.5274
-28.5892 26.5266
-176.343 162.798
-132.564 121.765
-58.315 53.295
-190.144 172.9
-143.86 130.155
-115.201 103.7
-184.738 165.456
-82.1246 73.1816
-156.386 138.652
-7.49924 6.61525
-51.1077 44.8553
-289.244 252.574
-175.89 152.813
-224.692 194.223
-247.925 213.219
-295.569 252.903
-302.295 257.345
-90.8062 76.9106
-291.351 245.511
-94.257 79.0229
-124.405 103.766
-306.276 254.163
-189.701 156.619
-193.185 158.681
-161.836 132.251
-203.292 165.277
-247.247 199.983
-59.9895 48.2728
-167.841 134.366
-282.384 224.901
-312.732 247.789
-312.569 246.383
-210.89 165.376
-195.536 152.544
-199.079 154.504
-72.0297 55.6122
-300.573 230.861
-7.15139 5.46421
-194.254 147.653
-126.825 95.8979
-49.5476 37.2697
-301.05 225.266
-170.06 126.585
-168.77 124.967
-202.095 148.857
-106.478 78.016
-301.434 219.697
-224.262 162.59
-314.701 226.953
-203.951 146.305
-206.76 147.534
-62.7914 44.5672
-197.696 139.572
-162.038 113.788
-91.8194 64.1343
-158.502 110.119
-169.473 117.111
-203.556 139.908
-316.179 216.147
-204.257 138.882
-221.172 149.572
-46.4669 31.2542
-250.181 167.363
-299.723 199.415
-250.186 165.551
-313.252 206.152
-253.525 165.934
-244.723 159.295
-66.3174 42.9303
-183.3 118.005
-3.36873 2.15677
-246.312 156.826
-258.534 163.695
-232.712 146.527
-113.573 71.1132
-280.135 174.426
-256.767 158.981
-116.661 71.8274
-115.989 71.0117
-90.5417 55.1199
-17.1094 10.357
-318.719 191.839
-76.3678 45.7052
-68.7483 40.9106
-117.047 69.254
-128.425 75.5512
-6.90549 4.03909
-22.4758 13.0706
-127.26 73.5792
-172.527 99.1738
-74.6669 42.6714
-216.497 123.005
-64.4321 36.3937
-264.197 148.354
-41.0388 22.9089
-288.548 160.124
-330.979 182.584
-87.6818 48.0823
-276.578 150.764
-341.139 184.846
-108.292 58.326
-181.611 97.2279
-327.516 174.282
-15.0275 7.9482
-184.995 97.2513
-84.1996 43.9936
-275.117 142.867
-142.181 73.3804
-290.068 148.784
-89.0924 45.4153
-315.79 159.977
-249.202 125.457
-145.775 72.9295
-132.526 65.8852
-221.451 109.401
-46.679 22.9144
-144.703 70.5829
-283.462 137.385
-291.014 140.143
-340.076 162.718
-37.932 18.0324
-107.602 50.8213
-342.199 160.573
-79.7592 37.1816
-246.817 114.305
-140.813 64.783
-162.803 74.4048
-326.89 148.404
-279.86 126.205
-218.117 97.7025
-274.095 121.95
-7.31736 3.23362
-210.607 92.4374
-81.5854 35.5642
-88.0984 38.14
-327.053 140.614
-38.6265 16.4922
-331.439 140.529
-58.0634 24.4467
-6.4583 2.70007
-97.8996 40.6408
-246.853 101.748
-45.3494 18.559
-162.128 65.8746
-188.26 75.9414
-271.072 108.555
-192.357 76.4715
-240.918 95.0763
-159.219 62.3722
-68.9695 26.8182
-138.073 53.2894
-224.119 85.8519
-3.73891 1.42147
-95.433 36.0076
-324.966 121.68
-167.791 62.3469
-125.726 46.3572
-60.1037 21.9897
-183.296 66.5392
-310.476 111.824
-305.106 109.025
-21.6781 7.68491
-156.599 55.0715
-333.301 116.272
-120.018 41.53
-56.7505 19.4778
-376.768 128.256
-35.0561 11.8352
-1.89653 0.634975
-82.568 27.4139
-218.465 71.9244
-234.806 76.6505
-248.317 80.3709
-35.2306 11.305
-139.13 44.2594
-312.815 98.6459
-152.713 47.7361
-326.68 101.215
-165.378 50.7837
-67.9242 20.6712
-187.652 56.5924
-169.589 50.6802
-170.675 50.5375
-233.173 68.4062
-12.4834 3.62822
-135.496 39.0116
-372.161 106.139
-366.652 103.572
-384.246 107.499
-108.898 30.171
-328.848 90.2204
-64.6568 17.5641
-287.774 77.3975
-314.058 83.6207
-17.4056 4.58755
-149.013 38.8745
-235.284 60.7496
-44.5681 11.3879
-254.007 64.2231
-199.842 49.9937
-178.611 44.2056
-199.119 48.7504
-123.432 29.8912
-15.5599 3.72671
-106.066 25.1216
-193.757 45.3772
-252.324 58.4245
-38.9916 8.92509
-238.96 54.0655
-215.674 48.2272
-51.7516 11.4357
-235.453 51.4083
-296.188 63.8892
-15.6487 3.33435
-266.17 56.0149
-42.1004 8.74948
-109.714 22.5136
-332.251 67.3085
-374.584 74.9046
-267.834 52.8581
-243.427 47.4057
-10.8024 2.07552
-209.274 39.6635
-112.059 20.9467
-82.6084 15.2267
-313.86 57.0364
-1.96866 0.352647
-191.046 33.7265
-318.222 55.3529
-363.699 62.3218
-176.504 29.7883
-87.7959 14.5902
-168.757 27.6087
-222.139 35.7688
-51.3593 8.13747
-142.282 22.1769
-46.4573 7.1215
-42.5198 6.40853
-216.636 32.0942
-267.184 38.8965
-167.298 23.9258
-260.444 36.5789
-196.144 27.0454
-360.712 48.8131
-332.086 44.0893
-193.368 25.1778
-0.991951 0.126623
-234.175 29.2944
-124.072 15.2042
-162.832 19.5386
-96.3379 11.3142
-8.94118 1.02729
-215.643 24.227
-204.769 22.4841
-131.247 14.0774
-18.8967 1.97878
-24.8705 2.54114
-64.6797 6.44436
-274.708 26.6731
-106.525 10.0729
-224.053 20.618
-183.268 16.4002
-61.7669 5.37087
-218.224 18.4227
-340.859 27.9127
-318.997 25.3152
-68.7973 5.28563
-288.206 21.4138
-196.495 14.103
-138.668 9.6022
-147.672 9.85267
-128.735 8.26415
-399.242 24.6215
-153.731 9.0928
-198.682 11.2503
-125.816 6.80698
-27.9628 1.44236
-263.683 12.9365
-281.695 13.1103
-107.896 4.74969
-35.969 1.4928
-309.765 12.0759
-234.844 8.56384
-294.83 10.0091
-79.9605 2.5133
-287.88 8.32408
-149.948 3.95846
-256.927 6.13619
-257.941 5.51155
-328.942 6.20126
-37.9949 0.620727
-208.98 2.88857
-389.975 4.40967
-362.986 3.19174
-85.9983 0.539948
-32.9998 0.124219
-102 0.127494
-9.99999 -0.0126435
-295.998 -1.11847
-16.9997 -0.106979
-38.9985 -0.343476
-205.987 -2.33218
-238.977 -3.30664
-85.9885 -1.40604
-394.93 -7.45097
-162.963 -3.48445
-154.956 -3.70305
-371.87 -9.82234
-46.9803 -1.35912
-208.897 -6.56899
-50.9706 -1.73112
-316.789 -11.5566
-181.862 -7.09231
-118.898 -4.93624
-61.94 -2.72757
-260.718 -12.1377
-141.829 -6.96029
-186.752 -9.63559
-385.436 -20.8587
-75.8784 -4.29768
-65.8848 -3.89786
-24.9526 -1.53921
-320.34 -20.5689
-223.503 -14.9154
-158.62 -10.9861
-282.274 -20.2637
-10.9698 -0.815217
-227.33 -17.4688
-186.414 -14.7963
-371.755 -30.4482
-181.355 -15.3128
-388.533 -33.7901
-360.559 -32.2708
-91.6128 -8.43178
-346.454 -32.7653
-356.324 -34.6029
-248.768 -24.7896
-40.7876 -4.16805
-232.727 -24.3736
-122.298 -13.1193
-160.038 -17.5749
-59.6248 -6.69957
-332.81 -38.2429
-10.9249 -1.28321
-125.102 -15.0132
-345.415 -42.3335
-370.115 -46.3054
-333.295 -42.5503
-84.2883 -10.9762
-295.407 -39.224
-158.555 -21.4586
-219.919 -30.3268
-341.646 -47.9887
-175.217 -25.0609
-346.348 -50.4264
-168.164 -24.9157
-105.805 -15.9483
-173.968 -26.6702
-144.258 -22.487
-219.264 -34.7439
-326.79 -52.6246
-39.4751 -6.45875
-209.131 -34.7573
-270.179 -45.6016
-340.043 -58.2732
-294.576 -51.2443
-245.208 -43.2916
-289.393 -51.8432
-183.002 -33.259
-392.389 -72.3327
-308.653 -57.6997
-245.627 -46.557
-256.311 -49.2501
-198.275 -38.6156
-89.2777 -17.6206
-373.603 -74.7139
-78.407 -15.8851
-34.2855 -7.03598
-164.485 -34.1864
-18.5927 -3.91307
-344.271 -73.3607
-58.6509 -12.6522
-346.828 -75.7309
-98.6206 -21.794
-283.01 -63.2886
-386.236 -87.3931
-255.394 -58.463
-366.307 -84.8224
-189.862 -44.4678
-187.804 -44.4841
-331.62 -79.4303
-374.183 -90.6204
-77.7047 -19.0257
-387.313 -95.8645
-223.123 -55.8214
-369.375 -93.3984
-266.439 -68.0837
-334.044 -86.2542
-300.927 -78.5107
-290.092 -76.4634
-93.7339 -24.9589
-12.5538 -3.37658
-291.437 -79.1736
-113.795 -31.2216
-345.002 -95.5909
-342.835 -95.9192
-274.266 -77.479
-11.5398 -3.2913
-357.477 -102.929
-268.873 -78.15
-243.727 -71.5063
-10.5473 -3.12326
-42.1576 -12.5991
-359.984 -108.57
-348.23 -105.981
-161.554 -49.6118
-24.8352 -7.69506
-125.988 -39.3841
-245.101 -77.2962
-18.1059 -5.76004
-72.3652 -23.2222
-296.838 -96.0799
-293.743 -95.8949
-18.047 -5.94184
-74.0262 -24.579
-209.565 -70.1677
-69.1643 -23.3515
-5.6799 -1.93359
-326.313 -112.002
-226.804 -78.4852
-163.345 -56.9856
-273.575 -96.2131
-137.608 -48.7845
-187.394 -66.9653
-87.4973 -31.5154
-172.956 -62.7882
-88.2768 -32.2986
-289.919 -106.902
-350.578 -130.272
-193.855 -72.5899
-263.843 -99.5543
-330.891 -125.805
-300.692 -115.189
-226.7 -87.4986
-87.6094 -34.0676
-137.803 -53.985
-240.917 -95.0797
-135.671 -53.9384
-350.906 -140.531
-40.8049 -16.4608
-97.2763 -39.5261
-209.161 -85.6015
-262.568 -108.231
-325.099 -134.963
-366.276 -153.138
-303.218 -127.67
-151.908 -64.4114
-48.7427 -20.8123
-251.719 -108.229
-257.87 -111.643
-7.33348 -3.19689
-5.49406 -2.41149
-252.447 -111.564
-306.984 -136.589
-44.7183 -20.0317
-25.5245 -11.5109
-120.193 -54.568
-164.621 -75.2385
-189.869 -87.3553
-13.6111 -6.30376
-35.3476 -16.4787
-162.951 -76.4655
-192.597 -90.9687
-250.169 -118.931
-223.709 -107.043
-49.5531 -23.864
-332.053 -160.941
-115.942 -56.5557
-35.9067 -17.627
-170.346 -84.1567
-327.731 -162.937
-84.9602 -42.5061
-183.997 -92.6341
-73.1486 -37.0578
-294.894 -150.329
-100.544 -51.5737
-239.928 -123.833
-235.179 -122.131
-71.7907 -37.5113
-238.102 -125.174
-174.141 -92.1081
-19.4213 -10.335
-138.412 -74.1029
-307.264 -165.499
-145.071 -78.6093
-95.7039 -52.1706
-319.159 -175.024
-31.5216 -17.3894
-207.229 -115.001
-189.476 -105.773
-85.4492 -47.9837
-173.269 -97.8721
-6.95566 -3.95206
-52.0928 -29.7715
-135.246 -77.7462
-50.211 -29.032
-79.529 -46.2508
-131.203 -76.7446
-32.7524 -19.2686
-300.359 -177.722
-164.994 -98.1878
-289.165 -173.068
-321.286 -193.391
-148.851 -90.108
-122.145 -74.3616
-74.1979 -45.4277
-100.481 -61.8674
-280.57 -173.725
-295.412 -183.944
-129.676 -81.1983
-152.319 -95.9107
-208.684 -132.136
-231.127 -147.162
-133.906 -85.7336
-205.159 -132.082
-138.51 -89.6665
-56.1516 -36.5513
-32.6317 -21.3583
-329.12 -216.601
-65.8816 -43.596
-271.413 -180.585
-234.387 -156.802
-6.63807 -4.46498
-106.029 -71.7065
-213.351 -145.07
-255.913 -174.953
-247.231 -169.932
-17.2762 -11.9387
-24.6373 -17.1173
-136.088 -95.0581
-83.4733 -58.6193
-65.3534 -46.1403
-104.38 -74.0872
-306.881 -218.982
-141.383 -101.425
-293.609 -211.749
-131.156 -95.0905
-101.824 -74.2155
-60.4981 -44.3282
-58.7761 -43.294
-37.7719 -27.9693
-50.5361 -37.6179
-112.092 -83.8774
-14.3846 -10.8204
-67.7988 -51.2672
-148.077 -112.557
-243.145 -185.787
-88.0298 -67.6148
-240.624 -185.785
-136.668 -106.07
-241.264 -188.223
-277.774 -217.832
-183.77 -144.861
-213.189 -168.922
-269.083 -214.314
-312.26 -249.988
-222.815 -179.302
-173.382 -140.242
-260.707 -211.962
-293.469 -239.827
-0.772731 -0.634734
-195.096 -161.079
-277.03 -229.9
-89.0788 -74.3032
-140.234 -117.573
-197.29 -166.255
-68.6761 -58.1687
-165.994 -141.315
-285.688 -244.455
-53.072 -45.6439
-116.505 -100.71
-202.309 -175.771
-39.9212 -34.8611
-269.815 -236.814
-161.232 -142.23
-12.7202 -11.2781
-294.898 -262.793
-294.237 -263.533
-117.429 -105.709
-252.123 -228.11
-16.2767 -14.801
-230.304 -210.485
-205.471 -188.739
-164.585 -151.947
-8.0635 -7.48197
-141.879 -132.312
-226.181 -211.996
-258.403 -243.42
-138.698 -131.316
-184.732 -175.782
-135.868 -129.938
-83.6316 -80.3851
-156.07 -150.768
-190.846 -185.293
-261.951 -255.612
-29.9862 -29.408
-150.985 -148.82
-71.0426 -70.3772
-236.691 -235.656
-188.736 -188.859
-15.5121 -15.6004
-21.0994 -21.3264
-203.442 -206.668
-33.587 -34.2916
-131.211 -134.639
-77.2701 -79.6889
-63.8775 -66.2093
-219.525 -228.687
-227.238 -237.916
-4.82211 -5.07418
-208.862 -220.89
-104.153 -110.707
-266.52 -284.723
-271.937 -291.978
-63.8923 -68.9476
-17.6243 -19.115
-66.9248 -72.9525
-76.8535 -84.1994
-194.293 -213.942
-83.1334 -92.0045
-92.2617 -102.624
-62.669 -70.0614
-122.326 -137.449
-161.093 -181.929
-159.974 -181.583
-201.044 -229.36
-5.91542 -6.78291
-123.21 -141.998
-186.239 -215.731
-209.153 -243.508
-159.166 -186.256
-68.013 -79.9952
-213.768 -252.714
-155.181 -184.391
-245.235 -292.888
-144.651 -173.644
-162.081 -195.565
-52.1664 -63.2666
-164.267 -200.243
-185.893 -227.772
-83.2047 -102.474
-162.752 -201.477
-229.272 -285.29
-87.4251 -109.347
-162.472 -204.264
-233.94 -295.637
-193.608 -245.937
-113.45 -144.862
-104.481 -134.103
-194.198 -250.552
-39.0798 -50.683
-67.5579 -88.0735
-87.9617 -115.272
-150.553 -198.33
-222.972 -295.268
-186.192 -247.856
-61.6565 -82.5074
-1.19318 -1.60509
-46.3765 -62.7154
-43.8485 -59.6096
-208.454 -284.879
-109.459 -150.382
-228.717 -315.893
-226.169 -314.033
-150.835 -210.546
-134.636 -188.937
-185.049 -261.068
-103.144 -146.295
-142.394 -203.047
-74.9463 -107.443
-205.786 -296.602
-160.17 -232.098
-170.338 -248.165
-118.405 -173.437
-115.721 -170.425
-158.387 -234.526
-162.815 -242.395
-108.322 -162.146
-199.226 -299.849
-27.5654 -41.7151
-204.855 -311.71
-43.7685 -66.965
-68.125 -104.805
-7.05757 -10.9174
-33.5282 -52.1523
-127.663 -199.678
-189.935 -298.732
-1.06883 -1.69044
-4.79061 -7.61906
-45.0636 -72.0713
-19.009 -30.5722
-24.7168 -39.976
-170.219 -276.859
-90.2378 -147.601
-117.917 -193.97
-86.3906 -142.918
-199.365 -331.696
-62.5859 -104.723
-101.146 -170.216
-123.608 -209.213
-4.05208 -6.89787
-163.911 -280.639
-186.806 -321.695
-79.4987 -137.699
-42.3141 -73.7192
-144.228 -252.743
-107.078 -188.742
-166.045 -294.403
-182.91 -326.22
-106.138 -190.417
-17.9329 -32.3637
-44.8699 -81.4598
-24.0134 -43.8561
-110.432 -202.893
-42.3508 -78.2778
-144.46 -268.619
-176.784 -330.715
-137.477 -258.745
-162.51 -307.725
-118.513 -225.787
-37.4649 -71.8149
-105.408 -203.298
-174.981 -339.567
-86.6075 -169.113
-72.5744 -142.594
-168.353 -332.846
-61.0779 -121.513
-114.395 -229.019
-35.1237 -70.7625
-52.1973 -105.827
-121.906 -248.733
-135.729 -278.707
-29.1834 -60.3103
-101.827 -211.793
-107.329 -224.681
-58.7416 -123.768
-31.9874 -67.8366
-158.235 -337.773
-30.38 -65.2768
-118.765 -256.873
-119.371 -259.897
-96.7169 -211.978
-27.658 -61.0249
-7.38925 -16.4134
-102.463 -229.134
-156.686 -352.768
-42.3806 -96.0671
-62.205 -141.97
-121.701 -279.668
-51.1758 -118.415
-39.4403 -91.8938
-70.9685 -166.507
-118.492 -279.956
-46.1078 -109.704
-26.5747 -63.6772
-118.291 -285.461
-128.607 -312.577
-39.7078 -97.2023
-107.866 -265.958
-60.135 -149.348
-7.05234 -17.6427
-95.8984 -241.668
-130.841 -332.159
-52.4392 -134.112
-47.3982 -122.125
-90.9468 -236.088
-66.7826 -174.669
-102.885 -271.136
-55.3307 -146.927
-88.5678 -236.991
-96.3168 -259.715
-111.895 -304.065
-31.5555 -86.419
-13.9659 -38.5481
-57.1671 -159.037
-57.4389 -161.064
-86.0509 -243.227
-19.5384 -55.6709
-1.31514 -3.77762
-23.5015 -68.0564
-107.255 -313.141
-37.9551 -111.729
-97.6971 -289.985
-117.882 -352.828
-109.761 -331.291
-16.5421 -50.3524
-68.1394 -209.182
-18.7473 -58.0477
-105.814 -330.473
-120.715 -380.301
-47.7233 -151.669
-30.668 -98.3284
-49.6181 -160.506
-73.2358 -239.032
-72.344 -238.259
-93.3546 -310.259
-48.8586 -163.871
-57.5124 -194.683
-52.2475 -178.511
-5.84821 -20.1692
-51.0731 -177.81
-68.9606 -242.381
-30.9207 -109.727
-42.7413 -153.148
-24.2415 -87.7117
-104.267 -380.99
-3.92311 -14.4779
-59.855 -223.111
-0.770051 -2.89949
-4.3223 -16.4413
-66.7324 -256.46
-32.4202 -125.893
-22.9664 -90.1196
-31.7867 -126.054
-84.9682 -340.56
-49.3647 -199.998
-87.9984 -360.413
-51.4101 -212.88
-40.421 -169.24
-59.5333 -252.065
-55.2608 -236.633
-25.6456 -111.078
-40.7195 -178.412
-42.6914 -189.244
-7.8338 -35.1373
-45.3968 -206.059
-4.0412 -18.5653
-67.276 -312.848
-26.3879 -124.228
-24.4329 -116.465
-5.27429 -25.4594
-58.916 -288.036
-2.17724 -10.7824
-54.3394 -272.638
-8.10596 -41.2104
-64.3996 -331.808
-74.4728 -388.934
-63.8439 -338.024
-62.0782 -333.268
-44.801 -243.92
-2.31628 -12.792
-36.7215 -205.749
-11.2596 -64.0173
-32.2715 -186.224
-17.1636 -100.546
-50.4006 -299.793
-11.4318 -69.0602
-43.7459 -268.459
-46.7128 -291.278
-20.2625 -128.411
-34.204 -220.361
-2.41434 -15.8168
-21.8163 -145.372
-40.2749 -273.046
-7.17178 -49.483
-27.7665 -195.033
-26.4453 -189.16
-24.61 -179.319
-10.8115 -80.2752
-29.0783 -220.087
-43.9436 -339.165
-35.5309 -279.753
-7.16309 -57.556
-31.0986 -255.111
-15.5248 -130.077
-0.232026 -1.9865
-36.779 -321.906
-40.8543 -365.725
-10.5262 -96.4272
-28.3068 -265.495
-37.8875 -364.034
-36.467 -359.153
-14.5802 -147.28
-14.5939 -151.298
-28.988 -308.642
-18.6562 -204.149
-14.3373 -161.364
-28.1211 -325.789
-11.1044 -132.536
-31.5846 -388.719
-22.5237 -286.115
-29.3256 -384.884
-24.0968 -327.114
-3.68982 -51.8689
-21.0141 -306.28
-9.75931 -147.678
-15.7946 -248.499
-2.86337 -46.9127
-16.5309 -282.517
-3.24237 -57.9093
-17.8864 -334.522
-0.712341 -13.9819
-2.99896 -61.9274
-16.6009 -361.619
-6.50206 -149.859
-0.939205 -22.9808
-1.07303 -27.9794
-6.41001 -178.885
-6.92584 -207.885
-3.35549 -108.948
-8.93368 -315.874
-9.86523 -382.873
-5.13698 -220.94
-5.78383 -278.94
-2.16779 -118.98
-0.785142 -49.9938
-1.71455 -129.989
-0.533735 -49.9972
-2.67665 -327.989
-2.12301 -375.994
-0.2443 -77.9996
-0.22116 -358
0.608782 -320.999
0.352863 -79.9992
0.96258 -138.997
1.76514 -186.992
0.669389 -55.996
2.67648 -184.981
1.39248 -81.9882
0.916278 -46.9911
5.74436 -260.937
5.49307 -223.933
1.51402 -55.9795
3.98916 -134.941
8.46449 -263.864
1.69419 -48.9707
9.86541 -265.817
12.7117 -320.748
6.9907 -165.853
17.4928 -391.609
9.3801 -198.779
11.4686 -230.715
12.0486 -230.686
0.328016 -5.99103
18.469 -322.472
21.2495 -355.365
23.4491 -376.27
21.3538 -329.308
22.8539 -339.231
18.3378 -262.36
7.00665 -96.7466
7.84781 -104.706
21.166 -273.181
0.319018 -3.98726
18.8377 -228.224
30.092 -353.722
3.9272 -44.8283
8.798 -97.6043
9.78161 -105.548
30.2356 -317.564
13.4254 -137.345
3.09341 -30.8453
12.1724 -118.376
19.7004 -186.965
37.9805 -351.957
33.5954 -304.15
14.9343 -132.159
19.9727 -172.85
31.6664 -268.137
21.5603 -178.704
9.04838 -73.4447
29.8201 -237.132
31.1799 -243.008
38.2787 -292.506
12.4316 -93.1743
37.9974 -279.428
1.50957 -10.8959
13.9724 -99.0191
56.4585 -392.965
3.18342 -21.7685
54.1653 -363.992
19.7571 -130.513
17.042 -110.696
20.8771 -133.376
26.3976 -165.913
13.2477 -81.9359
39.2264 -238.8
3.12689 -18.7409
60.8071 -358.885
4.57733 -26.6092
44.5501 -255.14
52.1709 -294.413
39.8159 -221.449
67.1082 -367.93
17.0992 -92.4317
22.4942 -119.908
31.7643 -167.006
15.3348 -79.5352
58.1113 -297.375
4.07933 -20.6
36.3931 -181.385
8.36572 -41.1584
10.0824 -48.9729
1.42876 -6.85264
30.1592 -142.851
3.76253 -17.6024
73.3861 -339.151
83.2243 -379.993
55.1819 -248.958
80.9758 -361.03
57.5396 -253.553
70.9311 -308.962
51.349 -221.116
1.82925 -7.78806
69.0997 -290.906
46.2425 -192.524
42.9506 -176.859
43.1567 -175.78
92.4962 -372.694
13.6256 -54.317
86.7508 -342.174
14.1468 -55.2166
34.0849 -131.659
47.5748 -181.881
71.537 -270.707
46.6834 -174.876
95.8079 -355.31
35.7373 -131.221
18.564 -67.4936
78.6811 -283.276
23.4939 -83.7678
58.3074 -205.903
106.38 -372.092
96.5002 -334.353
0.559429 -1.92017
56.4255 -191.875
38.4127 -129.42
18.0777 -60.3506
45.1395 -149.327
104.159 -341.467
62.6572 -203.576
32.3259 -104.096
101.948 -325.404
46.7118 -147.794
58.0187 -181.975
26.6357 -82.8223
75.5947 -233.046
118.157 -361.163
110.918 -336.174
57.776 -173.64
68.3916 -203.832
9.93497 -29.3649
43.2637 -126.824
51.7135 -150.355
47.8324 -137.942
50.159 -143.485
101.039 -286.718
83.684 -235.578
104.502 -291.855
24.1024 -66.7838
3.07651 -8.45784
6.53972 -17.8391
105.353 -285.161
40.4739 -108.71
38.2882 -102.054
56.933 -150.598
59.4473 -156.061
59.8395 -155.911
125.151 -323.645
33.0339 -84.7924
133.719 -340.698
131.633 -332.921
145.051 -364.176
84.154 -209.748
28.1021 -69.5361
143.27 -351.957
4.55223 -11.103
64.1219 -155.282
119.424 -287.157
51.3807 -122.674
100.269 -237.719
136.834 -322.144
134.891 -315.363
32.8329 -76.2299
102.654 -236.698
102.049 -233.69
85.7312 -194.985
91.8883 -207.571
140.447 -315.119
13.1004 -29.1955
13.1738 -29.1625
91.0734 -200.264
84.5002 -184.577
77.4303 -168.017
158.651 -341.993
93.0828 -199.338
75.2923 -160.188
106.486 -225.082
46.8619 -98.4122
95.515 -199.293
124.256 -257.598
24.8933 -51.277
105.356 -215.639
78.9823 -160.632
124.623 -251.854
120.798 -242.588
48.8318 -97.4498
113.011 -224.119
54.7511 -107.904
95.0384 -186.142
176.389 -343.341
152.455 -294.926
7.84438 -15.082
49.6119 -94.8032
37.737 -71.6723
12.1709 -22.9754
167.438 -314.166
107.269 -200.056
63.6185 -117.935
62.4838 -115.138
103.504 -189.586
36.1042 -65.738
58.031 -105.035
189.458 -340.889
20.4955 -36.6597
61.7627 -109.824
33.4812 -59.1862
110.781 -194.689
152.003 -265.577
155.663 -270.394
95.2088 -164.424
154.505 -265.287
100.078 -170.846
33.5024 -56.8647
108.073 -182.385
65.0161 -109.096
0.514096 -0.857733
42.8488 -71.0843
37.325 -61.5698
144.193 -236.511
208.033 -339.303
9.44709 -15.3216
7.90465 -12.7482
59.7896 -95.8864
136.53 -217.735
11.7342 -18.6094
56.7627 -89.5209
134.942 -211.64
126.838 -197.831
79.1104 -122.709
22.8465 -35.2426
191.125 -293.208
123.888 -189.018
30.8155 -46.759
61.3136 -92.5291
211.253 -317.07
203.701 -304.076
12.8489 -19.0763
90.8384 -134.136
84.9844 -124.814
7.90842 -11.5524
95.2493 -138.389
121.203 -175.154
162.762 -233.952
134.692 -192.57
57.5216 -81.8002
114.3 -161.677
39.3939 -55.4267
21.5107 -30.1047
150.521 -209.541
124.116 -171.87
65.7989 -90.6339
117.315 -160.743
39.0424 -53.2136
73.01 -98.9876
112.568 -151.82
196.616 -263.786
232.657 -310.507
194.33 -258.002
79.0778 -104.44
102.355 -134.479
122.745 -160.43
92.6658 -120.487
164.53 -212.817
62.5894 -80.5392
36.9363 -47.2833
184.658 -235.165
80.5428 -102.043
170.3 -214.649
120.959 -151.674
51.288 -63.9808
55.2132 -68.5237
193.219 -238.569
48.6125 -59.7146
115.257 -140.854
154.359 -187.676
224.918 -272.068
228.797 -275.347
225.001 -269.398
12.8592 -15.318
25.7952 -30.5713
151.998 -179.225
10.3795 -12.1765
91.0879 -106.316
189.235 -219.75
236.907 -273.714
8.53238 -9.80808
255.394 -292.092
122.783 -139.715
55.6088 -62.9576
76.3475 -86.0003
245.003 -274.586
198.29 -221.111
102.436 -113.648
249.082 -274.953
171.676 -188.553
158.648 -173.366
128.62 -139.846
128.972 -139.522
261.367 -281.324
165.843 -177.609
188.872 -201.255
56.2642 -59.6518
102.508 -108.134
187.625 -196.928
125.874 -131.452
190 -197.423
269.753 -278.886
166.594 -171.37
273.249 -279.672
56.752 -57.7946
52.6825 -53.3812
204.224 -205.895
55.0683 -55.2402
106.875 -106.671
205.771 -204.348
276.706 -273.414
136.2 -133.905
257.346 -251.74
95.3087 -92.7645
213.352 -206.615
168.505 -162.364
18.768 -17.9934
47.7566 -45.5555
88.4888 -83.9865
262.464 -247.858
138.466 -130.104
26.2976 -24.5852
67.3628 -62.6598
145.315 -134.49
217.008 -199.831
268.385 -245.897
35.4728 -32.3369
197.029 -178.706
216.78 -195.629
251.498 -225.815
175.253 -156.562
66.5211 -59.1265
85.3969 -75.5206
297.301 -261.588
37.6209 -32.9343
202.091 -176.02
238.808 -206.947
271.137 -233.771
223.147 -191.419
86.7128 -74.006
271.368 -230.425
97.0145 -81.9585
58.179 -48.8999
91.2884 -76.3376
82.2551 -68.4331
140.973 -116.686
267.093 -219.948
143.105 -117.243
75.1879 -61.2845
275.735 -223.596
59.9291 -48.3477
194.189 -155.858
182.859 -146.009
298.328 -236.984
287.155 -226.932
220.117 -173.057
192.982 -150.94
238.347 -185.458
30.0493 -23.2602
171.931 -132.396
308.01 -235.954
47.7219 -36.3678
143.44 -108.743
279.441 -210.743
63.1933 -47.4089
88.1563 -65.791
37.7374 -28.0159
184.212 -136.04
150.705 -110.711
285.818 -208.864
152.878 -111.128
42.1383 -30.469
123.397 -88.7533
245.613 -175.722
182.504 -129.878
136.306 -96.4865
22.0767 -15.5441
90.92 -63.6753
246.982 -172.049
94.527 -65.4954
245.374 -169.102
81.6579 -55.9731
235.48 -160.543
206.915 -140.308
247.891 -167.185
298.97 -200.542
256.216 -170.931
324.972 -215.622
181.954 -120.07
59.3583 -38.9563
11.7237 -7.65208
153.497 -99.638
200.795 -129.624
255.818 -164.235
193.859 -123.769
281.967 -179.026
215.617 -136.14
171.073 -107.414
175.584 -109.632
11.8939 -7.38485
273.134 -168.638
190.041 -116.676
78.5235 -47.9381
65.8214 -39.9567
318.479 -192.238
158.623 -95.2035
69.5558 -41.509
19.78 -11.7368
19.8094 -11.687
166.473 -97.6512
68.2421 -39.7997
254.336 -147.477
220.918 -127.358
238.59 -136.748
122.507 -69.8065
109.631 -62.1048
30.4964 -17.1747
222.502 -124.571
249.902 -139.087
195.125 -107.959
169.986 -93.4921
185.137 -101.22
91.3774 -49.6606
60.708 -32.7954
104.841 -56.2967
239.078 -127.604
128.974 -68.4223
325.519 -171.644
60.2298 -31.5654
157.867 -82.2305
61.2758 -31.7219
210.742 -108.428
32.0528 -16.3896
69.5368 -35.336
290.998 -146.955
84.9076 -42.6111
350.796 -174.945
260.738 -129.215
244.914 -120.607
44.9115 -21.9763
332.753 -161.789
230.51 -111.361
329.055 -157.95
54.1563 -25.8282
259.357 -122.893
286.808 -135.019
284.429 -133.026
237.605 -110.399
3.63178 -1.67636
350.872 -160.887
350.366 -159.59
284.257 -128.616
154.147 -69.2794
71.225 -31.7961
38.3949 -17.0245
281.875 -124.138
319.75 -139.86
29.3502 -12.75
2.75458 -1.18839
114.898 -49.2277
265.01 -112.755
294.77 -124.542
111.578 -46.8121
81.2329 -33.8411
331.739 -137.223
62.9016 -25.8339
234.272 -95.5287
242.854 -98.3167
338.67 -136.117
199.691 -79.6766
234.291 -92.7996
326.658 -128.436
347.474 -135.613
255.499 -98.9768
181.076 -69.6234
317.656 -121.222
275.877 -104.485
105.775 -39.7571
10.3064 -3.84426
342.304 -126.699
244.059 -89.6382
80.8016 -29.4465
255.792 -92.4903
57.4171 -20.598
213.859 -76.1141
156.53 -55.2672
171.769 -60.1624
119.021 -41.3518
167.342 -57.6689
338.758 -115.79
54.9295 -18.6212
181.99 -61.1851
352.903 -117.659
131.974 -43.6324
152.039 -49.8422
135.996 -44.2047
70.4329 -22.6981
225.758 -72.128
60.0596 -19.0223
333.929 -104.84
227.25 -70.7202
291.451 -89.8963
186.481 -57.006
307.212 -93.0686
380.236 -114.148
28.7548 -8.55351
30.6946 -9.0466
295.654 -86.3304
242.075 -70.0255
39.4138 -11.294
196.248 -55.7012
250.298 -70.3626
40.4612 -11.2646
107.972 -29.7675
203.551 -55.5682
375.524 -101.502
197.066 -52.7344
75.3993 -19.9737
325.012 -85.2234
337.809 -87.6717
246.015 -63.1886
107.579 -27.3435
67.886 -17.073
196.023 -48.7752
243.725 -59.9942
321.604 -78.3074
183.747 -44.2515
251.953 -60.0076
357.227 -84.1322
334.062 -77.7907
143.253 -32.9788
322.748 -73.4471
71.2207 -16.0193
3.9047 -0.867954
200.227 -43.9794
306.857 -66.5922
266.935 -57.2261
75.3296 -15.9513
333.779 -69.8026
391.735 -80.8952
112.682 -22.9741
356.844 -71.8212
222.649 -44.2299
75.5617 -14.8132
215.014 -41.5905
175.827 -33.5521
221.117 -41.6186
247.768 -45.99
144.598 -26.464
202.727 -36.576
7.87644 -1.40063
210.788 -36.937
117.265 -20.2449
35.4905 -6.0353
252.484 -42.283
178.589 -29.4465
174.714 -28.3566
192.559 -30.7562
173.866 -27.3224
203.582 -31.4679
348.992 -53.0458
125.605 -18.7687
273.071 -40.1022
140.545 -20.279
73.2679 -10.3838
392.22 -54.5811
144.657 -19.7597
65.415 -8.76802
284.551 -37.4123
349.111 -45.0078
96.2347 -12.1608
280.855 -34.7734
124.091 -15.0473
252.229 -29.9421
28.8063 -3.34617
341.801 -38.8332
385.629 -42.8308
130.235 -14.1335
288.385 -30.563
170.092 -17.594
107.454 -10.8419
36.8223 -3.62177
289.673 -27.7565
355.457 -33.1582
63.7381 -5.78409
322.747 -28.4706
395.551 -33.8908
243.161 -20.2183
102.667 -8.27667
184.439 -14.4022
235.329 -17.7809
314.163 -22.9431
14.9629 -1.05491
137.682 -9.35905
277.406 -18.1563
336.335 -21.1641
170.689 -10.3099
308.484 -17.8546
133.795 -7.40641
106.851 -5.64544
304.615 -15.3263
181.792 -8.68847
24.9744 -1.13068
165.848 -7.09076
386.687 -15.5587
284.797 -10.7419
179.889 -6.3321
55.9701 -1.82927
77.9645 -2.35189
210.919 -5.83187
76.9757 -1.93469
28.9926 -0.655755
217.956 -4.38148
289.955 -5.09956
141.984 -2.14004
288.977 -3.62888
281.986 -2.832
391.989 -2.95112
179.998 -0.902546
92.9997 -0.232488
269 0.00387554
