25
-112.202 -639.135 -756.03
-66.914 -701.544 475.366
-490.804 -613.338 548.337
-751.379 28.212 45.013
-313.886 544.417 818.849
194.32 602.401 -581.997
-944.522 -665.832 909.458
-91.78 279.032 -894.899
-816.344 363.602 -739.395
-966.419 -429.895 -169.198
-640.111 -477.21 -315.524
976.906 -942.465 228.992
424.679 300.36 -781.855
-834.258 124.016 596.66
-781.66 60.101 848.115
-553.458 -638.261 -61.739
-877.492 -300.053 752.892
957.305 101.234 70.817
-24.512 -371.211 -839.149
438.239 707.702 174.534
564.022 -709.806 -363.079
180.032 893.047 133.67
497.13 25.165 50.601
217.345 137.691 264.789
-476.834 564.326 718.339
